# Episode,Reward,Timestep
1,369.43,1992
2,433.46,1992
3,329.73,1992
4,415.44,1992
5,402.95,1992
6,245.75,1992
7,550.82,1992
8,188.39,1992
9,138.54,2952
10,235.62,3752
11,133.39,3920
12,292.20,3928
13,142.76,4000
14,520.24,4000
15,234.08,4000
16,311.48,4000
17,183.62,4792
18,79.98,5016
19,208.53,5760
20,474.44,5936
21,216.85,6008
22,467.10,6008
23,402.29,6008
24,436.68,6008
25,128.30,6376
26,324.27,6512
27,223.18,7176
28,499.05,7944
29,184.93,7976
30,371.50,8016
31,344.69,8016
32,380.72,8016
33,412.92,8384
34,384.08,8520
35,517.47,9184
36,153.60,9256
37,289.74,9616
38,444.25,9952
39,389.78,10024
40,537.60,10024
41,347.36,10392
42,276.36,10528
43,184.17,10936
44,11.27,11064
45,482.21,11192
46,149.29,11216
47,206.73,11280
48,354.83,11624
49,118.89,11872
50,269.30,11912
51,118.34,12712
52,163.12,12720
53,458.18,12944
54,367.87,13200
55,276.07,13288
56,139.96,13528
57,280.26,13632
58,144.99,13880
59,67.25,14216
60,116.62,14312
61,173.99,14696
62,534.59,14720
63,516.09,14952
64,181.61,15184
65,328.13,15208
66,159.95,15864
67,564.64,15888
68,332.92,16208
69,417.80,16224
70,427.92,16320
71,519.22,16728
72,164.92,17192
73,332.76,17216
74,73.76,17336
75,419.22,17872
76,507.52,17896
77,410.44,17984
78,501.43,18328
79,212.90,18496
80,172.21,19200
81,295.54,19224
82,416.93,19344
83,172.43,19360
84,97.77,19704
85,266.27,19824
86,162.20,19960
87,320.09,20168
88,389.56,20504
89,136.16,20880
90,250.86,21008
91,293.96,21232
92,457.46,21712
93,327.73,21832
94,282.49,21968
95,148.63,22160
96,407.80,22512
97,407.10,22616
98,315.95,23016
99,276.72,23240
100,146.39,23512
101,510.10,23720
102,179.58,23920
103,96.66,23928
104,428.99,23976
105,257.86,24136
106,336.87,24520
107,322.62,25024
108,98.48,25200
109,110.47,25376
110,487.13,25728
111,439.74,25936
112,387.70,25984
113,221.62,26104
114,385.02,26144
115,251.67,26960
116,538.36,27032
117,448.70,27384
118,286.55,27736
119,336.47,27944
120,503.29,27992
121,137.22,28048
122,271.87,28112
123,366.53,28152
124,135.20,28664
125,137.37,28816
126,318.07,28968
127,180.48,29448
128,425.35,29744
129,165.00,29840
130,347.92,30000
131,524.81,30056
132,367.02,30672
133,123.63,30712
134,408.89,30824
135,277.29,30976
136,258.81,31600
137,198.26,31672
138,261.62,31848
139,405.19,32008
140,210.23,32200
141,514.11,32720
142,244.23,32736
143,435.11,32832
144,264.30,33288
145,345.41,33680
146,254.76,33784
147,191.41,33808
148,363.55,34208
149,376.36,34360
150,134.54,34440
151,331.16,34728
152,417.07,34840
153,184.35,35048
154,212.79,35184
155,149.13,35536
156,358.86,35688
157,107.32,35888
158,335.20,36216
159,294.03,36368
160,256.40,36848
161,444.14,37056
162,161.50,37176
163,67.46,37184
164,259.45,37192
165,152.11,37216
166,133.24,37648
167,474.91,38224
168,131.74,38368
169,240.62,38608
170,583.86,38856
171,296.66,39192
172,430.66,39200
173,295.81,39224
174,255.09,39280
175,162.83,39560
176,131.42,39944
177,122.77,40408
178,173.21,40832
179,405.76,40864
180,418.60,40872
181,423.55,41152
182,145.23,41192
183,454.90,41200
184,172.89,41416
185,492.53,41952
186,260.76,42664
187,448.58,42840
188,459.97,42872
189,374.13,42880
190,164.25,42952
191,374.34,43200
192,476.27,43208
193,564.25,43424
194,140.83,44104
195,224.84,44504
196,237.92,44672
197,154.13,44880
198,450.25,44960
199,363.94,45208
200,340.37,45216
201,180.73,45432
202,225.22,45992
203,383.59,46112
204,417.08,46512
205,387.79,46632
206,495.14,46888
207,217.21,46920
208,353.76,47216
209,268.47,47440
210,184.32,47952
211,194.26,47960
212,270.73,48000
213,366.64,48064
214,327.91,48640
215,103.20,48696
216,116.83,49104
217,359.30,49224
218,84.80,49408
219,144.38,49448
220,303.47,49448
221,121.06,49560
222,87.38,50184
223,394.72,50704
224,311.79,51056
225,504.25,51232
226,238.91,51240
227,285.53,51416
228,465.90,51456
229,543.70,51456
230,213.59,51744
231,251.43,52344
232,195.18,52456
233,130.56,52712
234,252.37,52784
235,278.84,53064
236,273.12,53080
237,414.03,53424
238,467.75,53464
239,108.09,54248
240,296.66,54312
241,494.65,54352
242,394.03,54456
243,197.47,54792
244,273.67,55088
245,306.11,55432
246,464.71,55472
247,345.24,56256
248,153.03,56256
249,208.66,56288
250,315.80,56320
251,419.08,56360
252,264.40,56432
253,531.32,57096
254,442.23,57480
255,185.41,57768
256,287.78,57808
257,236.35,57976
258,298.79,58264
259,282.45,58296
260,391.89,58368
261,480.26,59104
262,426.67,59488
263,221.89,59520
264,350.55,59664
265,297.94,59728
266,249.00,59776
267,405.72,59984
268,299.38,60376
269,174.81,60496
270,225.39,60520
271,282.35,61216
272,509.27,61496
273,313.55,61528
274,167.03,61640
275,293.48,61712
276,418.10,61736
277,501.50,62504
278,529.53,62528
279,138.58,62832
280,283.04,63224
281,258.31,63360
282,473.40,63504
283,330.38,63552
284,394.95,63720
285,349.58,64512
286,373.20,64536
287,336.07,64840
288,155.25,65168
289,377.31,65200
290,285.61,65248
291,355.55,65512
292,370.32,65560
293,220.32,66280
294,379.43,66520
295,433.48,66848
296,455.72,67176
297,363.20,67200
298,314.43,67208
299,202.86,67256
300,368.74,67568
301,455.01,68288
302,453.85,68528
303,152.55,68848
304,269.55,68928
305,359.90,69184
306,394.16,69208
307,267.36,69216
308,466.22,69264
309,126.05,69768
310,434.63,70296
311,106.45,70520
312,429.30,70536
313,247.35,70672
314,271.25,70840
315,372.04,70936
316,401.85,71192
317,300.25,71272
318,161.22,71672
319,131.22,71840
320,125.59,71896
321,122.87,72024
322,500.76,72528
323,317.97,72544
324,374.12,72680
325,352.59,73200
326,359.21,73680
327,454.18,73848
328,450.60,73904
329,433.55,74032
330,339.57,74264
331,359.93,74552
332,340.10,74688
333,358.54,75208
334,396.31,75688
335,359.74,75856
336,305.04,75912
337,293.79,75976
338,504.45,76040
339,146.92,76112
340,123.14,76208
341,156.87,76896
342,523.01,77216
343,473.60,77696
344,365.25,77752
345,447.13,77864
346,198.68,77992
347,302.59,78048
348,581.40,78216
349,315.36,78376
350,525.52,78904
351,171.34,79352
352,365.03,79392
353,393.97,79480
354,350.03,80000
355,248.32,80056
356,540.27,80224
357,230.67,80280
358,375.80,80648
359,543.94,81360
360,547.20,81400
361,267.89,81448
362,309.51,82008
363,419.57,82064
364,416.09,82232
365,479.53,82288
366,491.30,82656
367,143.35,83344
368,178.11,83368
369,392.68,83408
370,359.24,83456
371,435.64,84016
372,447.44,84192
373,370.84,84240
374,477.89,84664
375,363.10,84776
376,189.73,85144
377,262.92,85352
378,390.29,85416
379,460.34,85464
380,379.05,86024
381,400.56,86248
382,517.40,86672
383,218.48,86784
384,433.92,86992
385,287.66,87152
386,421.84,87336
387,274.03,87472
388,151.93,87904
389,545.41,88032
390,351.20,88136
391,212.94,88376
392,511.04,88792
393,503.89,89160
394,263.54,89344
395,663.14,89480
396,263.54,89568
397,555.39,89912
398,161.38,89944
399,494.29,90040
400,259.88,90384
401,197.49,90392
402,201.02,90856
403,500.61,91168
404,169.58,91304
405,148.55,91416
406,354.74,91488
407,436.49,91576
408,132.07,91984
409,469.01,92048
410,311.13,92392
411,200.01,92616
412,325.60,92824
413,181.59,93192
414,468.89,93312
415,335.53,93496
416,464.79,93920
417,465.65,93968
418,363.59,94128
419,420.40,94400
420,120.27,94584
421,193.26,94592
422,473.59,94624
423,280.48,95064
424,329.47,95912
425,528.85,95928
426,438.17,96136
427,200.03,96152
428,163.25,96344
429,375.42,96384
430,225.88,96592
431,226.10,96632
432,337.09,97488
433,328.19,97704
434,336.39,97920
435,377.30,97928
436,197.65,98144
437,414.40,98160
438,529.92,98352
439,256.44,98528
440,359.22,99344
441,231.64,99432
442,446.42,99712
443,367.89,99888
444,529.94,99936
445,607.63,100168
446,473.33,100360
447,250.58,100536
448,139.06,100904
449,346.22,101352
450,218.42,101440
451,337.39,101440
452,222.61,101664
453,380.89,101944
454,313.15,102320
455,166.42,102416
456,327.41,102544
457,267.94,102912
458,319.11,103152
459,199.01,103240
460,539.58,103448
461,271.16,103448
462,431.42,104232
463,440.13,104256
464,487.01,104552
465,460.84,104864
466,496.23,104872
467,325.19,105160
468,481.41,105360
469,380.06,105456
470,319.30,106240
471,376.79,106264
472,580.39,106560
473,372.36,106800
474,473.72,106872
475,361.28,107104
476,173.67,107120
477,257.13,107168
478,460.02,107464
479,430.60,108272
480,344.88,108336
481,295.73,108616
482,393.30,108808
483,465.92,109112
484,405.53,109120
485,395.15,109128
486,366.25,109472
487,232.54,109640
488,430.92,109968
489,269.58,110440
490,580.86,110624
491,663.81,111120
492,591.98,111128
493,435.02,111136
494,261.40,111480
495,515.45,111648
496,528.65,111976
497,345.96,112128
498,457.23,112632
499,479.32,112992
500,509.10,113056
501,251.16,113136
502,135.71,113224
503,424.76,113488
504,269.74,113656
505,84.60,113960
506,552.61,114136
507,372.40,114640
508,247.34,114840
509,285.59,114912
510,417.89,115000
511,337.59,115144
512,241.74,115488
513,445.48,115552
514,201.65,115952
515,490.70,116144
516,303.60,116552
517,398.90,116848
518,433.25,116864
519,285.36,117008
520,461.06,117496
521,651.16,117560
522,259.62,117952
523,457.53,117960
524,389.03,118184
525,410.85,118616
526,469.15,118856
527,265.96,118856
528,302.03,118920
529,403.29,119568
530,202.10,119624
531,509.70,119960
532,477.00,119968
533,466.34,120192
534,262.65,120296
535,210.37,120512
536,297.68,120752
537,644.60,120864
538,356.59,121632
539,228.30,121664
540,265.69,121968
541,388.14,121976
542,357.14,122072
543,460.31,122200
544,310.33,122584
545,530.69,122760
546,225.96,122840
547,146.04,122912
548,163.56,123168
549,535.76,123624
550,324.77,123976
551,370.67,124168
552,522.80,124592
553,543.29,124768
554,390.61,124848
555,350.28,124920
556,661.72,125176
557,455.98,125632
558,326.89,125984
559,436.34,126176
560,419.55,126600
561,358.91,126632
562,520.73,126776
563,354.27,126824
564,302.65,126960
565,538.83,127568
566,236.98,127592
567,383.42,127608
568,583.38,128608
569,760.73,128640
570,465.84,128664
571,297.68,128784
572,222.46,128832
573,246.62,129192
574,421.30,129376
575,504.09,129616
576,275.89,130376
577,270.57,130424
578,348.35,130536
579,555.35,130616
580,401.95,130784
581,418.77,131200
582,343.03,131232
583,438.21,131384
584,187.94,131744
585,514.34,132248
586,426.89,132384
587,525.24,132544
588,489.53,132792
589,190.94,132832
590,426.19,133208
591,167.85,133376
592,540.17,133392
593,172.18,133744
594,380.93,133752
595,136.10,134208
596,346.17,134552
597,400.09,134744
598,552.53,134840
599,368.59,134968
600,384.27,135152
601,288.07,135240
602,298.53,135424
603,218.79,135720
604,386.81,136208
605,510.02,136320
606,356.51,136592
607,273.36,136640
608,258.30,136752
609,403.21,136792
610,509.95,137432
611,526.63,137728
612,411.98,138216
613,288.50,138280
614,534.72,138328
615,404.86,138432
616,405.87,138600
617,513.65,138800
618,326.02,139440
619,568.59,139736
620,498.93,140112
621,452.73,140240
622,573.19,140288
623,447.60,140336
624,369.86,140416
625,401.92,140808
626,294.49,141016
627,353.32,141448
628,195.69,141528
629,180.58,141616
630,376.22,141632
631,296.74,142176
632,379.23,142424
633,399.59,142632
634,382.07,142744
635,417.84,143368
636,428.13,143432
637,441.92,143536
638,366.85,143632
639,144.29,143904
640,417.27,144184
641,248.07,144432
642,406.48,144464
643,230.99,144960
644,182.92,144968
645,464.63,145200
646,363.03,145264
647,519.10,145536
648,388.71,145904
649,351.90,146160
650,265.23,146272
651,487.14,146472
652,456.74,146968
653,427.84,147208
654,510.72,147272
655,309.01,147320
656,457.57,147544
657,366.55,147680
658,467.73,148256
659,427.76,148440
660,289.15,148544
661,291.22,148776
662,331.52,149016
663,459.54,149216
664,315.19,149264
665,495.25,149328
666,362.16,150232
667,355.02,150232
668,374.83,150488
669,506.80,150536
670,358.20,150816
671,388.53,151152
672,378.14,151224
673,309.52,151336
674,506.85,152088
675,363.07,152240
676,521.99,152344
677,492.79,152352
678,524.36,152824
679,389.82,153096
680,484.79,153160
681,425.39,153280
682,413.89,153776
683,479.82,153824
684,214.76,154072
685,455.88,154344
686,324.46,154360
687,365.69,154704
688,359.66,154832
689,438.73,155136
690,236.53,155160
691,388.86,155832
692,387.91,155920
693,277.10,156040
694,381.68,156344
695,393.44,156352
696,406.08,156512
697,374.31,157032
698,673.85,157168
699,158.08,157440
700,319.71,157736
701,460.47,157928
702,401.44,158048
703,355.45,158056
704,439.59,158312
705,334.30,158840
706,462.99,158880
707,480.00,159448
708,390.66,159536
709,424.53,159744
710,421.78,159768
711,414.37,160056
712,629.15,160320
713,241.96,160624
714,415.14,160720
715,176.65,161040
716,352.46,161048
717,287.29,161064
718,402.98,161504
719,513.57,161704
720,519.60,162328
721,453.04,162440
722,507.75,162600
723,320.50,162624
724,266.88,162760
725,512.10,163048
726,419.21,163344
727,463.54,163512
728,217.46,163856
729,466.52,164080
730,458.51,164248
731,519.77,164584
732,423.07,164768
733,337.22,164992
734,441.85,165232
735,487.18,165352
736,436.53,165864
737,475.44,165976
738,543.28,166088
739,362.34,166536
740,381.24,166664
741,548.78,166760
742,372.61,167224
743,478.79,167240
744,473.97,167640
745,481.50,167912
746,455.74,168016
747,495.03,168056
748,434.23,168080
749,262.83,168288
750,445.40,168944
751,534.48,168952
752,401.09,169464
753,396.61,169480
754,399.99,169784
755,408.81,169784
756,361.30,169920
757,433.06,170296
758,519.12,170600
759,389.75,170688
760,464.91,171112
761,416.35,171288
762,378.54,171496
763,358.66,171600
764,605.68,171928
765,323.38,172160
766,459.32,172440
767,232.64,172576
768,452.24,172640
769,378.04,172696
770,558.98,173352
771,191.69,173416
772,338.79,173448
773,303.51,173464
774,307.65,174184
775,453.16,174376
776,431.82,174448
777,511.93,174456
778,294.66,174888
779,437.82,175064
780,345.92,175080
781,343.60,175144
782,268.59,175784
783,370.99,175904
784,512.26,176184
785,527.35,176464
786,705.96,176896
787,500.24,177072
788,396.05,177088
789,684.51,177152
790,516.22,177688
791,506.98,177808
792,669.76,177912
793,275.71,177984
794,361.42,178488
795,285.11,178672
796,475.15,179080
797,624.35,179096
798,450.53,179368
799,258.75,179792
800,327.34,179816
801,504.32,179920
802,562.84,179992
803,485.53,180296
804,367.05,181088
805,680.55,181104
806,236.79,181376
807,391.45,181544
808,452.11,181752
809,686.92,181800
810,465.26,182000
811,508.64,182304
812,383.60,182688
813,378.61,183112
814,468.60,183296
815,461.24,183360
816,436.24,183480
817,752.67,183808
818,315.29,183816
819,396.52,184008
820,317.49,184608
821,444.29,184872
822,351.27,184880
823,447.64,185080
824,375.18,185360
825,705.60,185368
826,342.73,185576
827,461.25,185816
828,415.68,186192
829,376.76,186584
830,535.91,186656
831,422.21,187008
832,399.06,187080
833,470.79,187272
834,636.69,187368
835,380.40,187624
836,539.17,188200
837,437.94,188296
838,344.28,188464
839,490.06,188656
840,420.44,188664
841,373.08,188968
842,489.90,189280
843,502.49,189472
844,352.65,189952
845,540.67,190232
846,540.39,190416
847,479.73,190424
848,308.14,190664
849,468.84,190784
850,514.34,191288
851,322.54,191480
852,439.08,191816
853,527.34,191960
854,375.69,192144
855,415.59,192312
856,510.86,192336
857,495.08,192560
858,258.68,192976
859,505.35,193016
860,440.50,193136
861,508.24,193752
862,474.11,193760
863,525.24,193984
864,391.36,194168
865,300.71,194320
866,293.36,194640
867,417.56,194824
868,399.53,194984
869,286.40,195552
870,373.99,195760
871,383.60,195768
872,595.96,195992
873,487.84,196304
874,452.83,196376
875,520.58,196592
876,330.86,196864
877,523.21,197416
878,504.72,197432
879,424.49,197504
880,494.86,198000
881,411.59,198008
882,497.70,198384
883,322.23,198464
884,381.54,198504
885,536.33,199192
886,407.51,199400
887,533.87,199456
888,394.32,199640
889,582.60,200016
890,473.06,200096
891,492.83,200160
892,410.20,200392
893,479.31,200840
894,458.43,201296
895,468.82,201360
896,580.78,201648
897,410.20,201720
898,431.58,201952
899,303.64,202024
900,468.96,202064
901,254.58,202344
902,518.86,203096
903,402.20,203160
904,423.61,203216
905,370.46,203416
906,279.84,203552
907,471.51,203584
908,341.49,203624
909,419.83,203640
910,602.61,205104
911,428.51,205128
912,400.25,205144
913,413.98,205152
914,419.01,205168
915,546.38,205216
916,500.98,205224
917,528.71,205400
918,247.87,206400
919,456.48,206696
920,489.04,206960
921,428.77,206976
922,464.10,206992
923,515.23,207056
924,439.62,207176
925,518.46,207288
926,272.50,208336
927,448.64,208368
928,372.09,208448
929,455.48,208472
930,417.51,208720
931,461.21,208888
932,548.94,208944
933,443.04,209160
934,449.52,210088
935,511.22,210168
936,362.44,210200
937,230.53,210216
938,442.71,210344
939,503.05,210576
940,503.63,210576
941,456.26,210800
942,468.21,211472
943,464.90,211936
944,373.60,211944
945,532.60,212080
946,351.07,212120
947,500.45,212152
948,374.80,212408
949,566.05,212584
950,179.01,213384
951,553.12,213480
952,493.97,213816
953,517.23,213880
954,427.39,213920
955,475.62,213936
956,742.61,213944
957,558.43,214088
958,362.73,215232
959,444.95,215392
960,494.46,215488
961,258.95,215496
962,392.28,215608
963,380.95,215768
964,496.98,215888
965,620.80,215888
966,502.30,216944
967,477.77,217008
968,427.44,217128
969,457.39,217424
970,710.87,217504
971,497.84,217736
972,500.70,217848
973,598.60,217896
974,356.93,218664
975,396.74,218728
976,352.41,219064
977,370.30,219136
978,754.40,219432
979,536.96,219464
980,462.57,219608
981,489.36,219856
982,519.88,220560
983,435.07,220632
984,565.16,220736
985,428.81,220840
986,540.01,221080
987,449.16,221368
988,371.35,221440
989,498.44,221672
990,216.79,221744
991,390.24,222224
992,536.05,222264
993,432.67,222456
994,337.78,222856
995,451.42,222880
996,473.38,223096
997,415.37,223200
998,444.55,223560
999,373.60,223888
1000,422.29,224120
1001,479.56,224232
1002,346.40,224608
1003,515.22,224688
1004,433.78,224888
1005,484.67,225160
1006,500.89,225472
1007,511.54,225488
1008,208.80,225640
1009,499.24,225848
1010,615.43,226240
1011,418.21,226504
1012,313.49,226704
1013,347.89,226816
1014,320.69,227144
1015,410.55,227280
1016,414.22,227312
1017,376.33,227536
1018,530.86,227848
1019,210.86,228424
1020,462.39,228512
1021,495.77,228512
1022,498.00,228752
1023,595.54,228824
1024,602.26,229320
1025,524.77,229528
1026,193.79,229536
1027,594.98,229856
1028,426.84,230144
1029,478.28,230456
1030,606.59,230520
1031,696.26,230832
1032,424.82,230840
1033,495.13,231328
1034,491.16,231480
1035,512.39,231632
1036,472.67,231784
1037,435.35,232008
1038,402.11,232528
1039,411.72,232752
1040,622.41,232848
1041,433.48,233312
1042,477.53,233336
1043,456.67,233480
1044,519.76,233488
1045,682.32,233792
1046,533.10,234400
1047,464.57,234672
1048,499.03,234824
1049,354.41,234976
1050,498.34,235168
1051,452.39,235192
1052,448.01,235488
1053,433.29,235536
1054,539.60,236248
1055,432.51,236344
1056,517.29,236392
1057,421.98,236456
1058,417.98,236528
1059,433.84,236576
1060,379.17,237072
1061,522.83,237544
1062,481.28,238048
1063,482.71,238104
1064,533.57,238240
1065,501.92,238352
1066,421.29,238368
1067,423.98,238512
1068,460.74,238984
1069,381.79,239080
1070,451.62,239800
1071,532.35,239808
1072,534.64,239936
1073,363.38,240072
1074,439.93,240160
1075,488.99,240208
1076,479.27,240552
1077,504.86,240768
1078,297.58,241448
1079,418.84,241544
1080,409.21,241608
1081,477.96,241760
1082,518.48,242168
1083,549.96,242216
1084,511.86,242248
1085,402.06,242416
1086,490.81,243272
1087,486.48,243288
1088,431.61,243376
1089,482.03,243504
1090,459.65,243680
1091,431.57,244064
1092,557.76,244224
1093,343.06,244424
1094,374.35,244872
1095,433.75,244952
1096,435.87,245112
1097,418.78,245272
1098,509.28,245688
1099,521.85,246072
1100,378.89,246232
1101,355.22,246432
1102,497.23,246488
1103,498.24,246504
1104,196.87,246536
1105,354.48,246768
1106,348.34,246832
1107,365.79,247720
1108,459.94,247752
1109,444.26,248032
1110,415.90,248048
1111,525.39,248312
1112,490.09,248440
1113,348.18,248672
1114,143.45,248672
1115,421.31,248736
1116,376.40,249256
1117,370.12,249480
1118,456.60,249864
1119,462.31,250184
1120,344.81,250272
1121,505.89,250320
1122,453.93,250368
1123,387.99,250464
1124,453.11,251016
1125,482.92,251272
1126,523.52,251552
1127,444.13,251920
1128,363.75,251936
1129,744.58,252280
1130,458.14,252328
1131,362.67,252360
1132,375.24,252472
1133,369.62,252936
1134,430.27,253248
1135,466.73,253648
1136,468.60,253688
1137,381.59,254008
1138,385.14,254112
1139,437.01,254264
1140,399.42,254480
1141,500.79,254944
1142,427.08,255120
1143,447.02,255656
1144,627.50,255696
1145,331.30,255704
1146,366.94,255768
1147,442.60,255848
1148,486.36,255968
1149,377.94,256704
1150,469.20,256760
1151,502.70,257360
1152,514.02,257416
1153,453.83,257664
1154,675.01,257776
1155,720.12,257856
1156,290.35,257960
1157,380.17,258280
1158,446.71,258768
1159,394.36,258768
1160,491.25,259224
1161,343.92,259384
1162,613.42,259672
1163,367.53,259784
1164,602.37,259784
1165,512.92,260120
1166,377.10,260224
1167,499.45,260776
1168,492.91,261232
1169,651.17,261392
1170,511.74,261448
1171,428.69,261560
1172,500.06,261624
1173,464.35,261760
1174,403.62,262040
1175,565.40,262736
1176,501.63,262752
1177,422.26,262896
1178,376.84,263016
1179,233.15,263184
1180,387.71,263448
1181,433.10,263456
1182,458.91,263472
1183,461.52,264480
1184,378.97,264512
1185,256.48,264544
1186,392.75,264664
1187,510.06,264688
1188,431.97,264904
1189,412.86,265352
1190,433.44,265376
1191,490.16,265984
1192,529.64,266144
1193,435.32,266208
1194,486.13,266456
1195,660.58,266552
1196,389.81,266640
1197,462.55,266816
1198,417.88,266880
1199,622.83,267992
1200,426.22,268032
1201,601.99,268216
1202,422.40,268296
1203,311.06,268392
1204,698.78,268464
1205,561.59,268488
1206,451.69,268784
1207,285.41,269400
1208,286.19,269544
1209,364.26,269640
1210,432.08,269824
1211,326.00,269824
1212,490.72,270184
1213,417.98,270304
1214,533.17,270552
1215,391.36,270864
1216,467.43,271016
1217,244.55,271272
1218,412.65,271320
1219,519.65,271472
1220,332.42,271512
1221,192.66,271632
1222,410.25,271696
1223,208.86,271984
1224,529.04,272840
1225,499.99,273072
1226,328.56,273248
1227,615.92,273280
1228,460.77,273520
1229,416.87,273608
1230,433.80,273616
1231,479.14,273624
1232,230.11,274136
1233,465.39,274712
1234,433.22,274944
1235,378.84,275056
1236,472.81,275080
1237,444.70,275176
1238,510.10,275328
1239,700.38,275616
1240,614.20,276144
1241,256.31,276376
1242,459.94,276552
1243,300.79,276648
1244,536.17,276952
1245,551.69,277064
1246,717.99,277088
1247,421.05,277344
1248,480.19,277736
1249,235.28,277816
1250,511.89,278184
1251,597.66,278344
1252,569.99,278560
1253,348.17,278768
1254,420.02,278856
1255,459.27,279072
1256,444.60,279424
1257,523.01,279704
1258,651.28,279744
1259,494.75,280120
1260,435.65,280352
1261,443.55,280360
1262,521.69,280800
1263,430.79,281000
1264,452.81,281136
1265,427.42,281288
1266,458.28,281528
1267,467.34,282024
1268,485.61,282048
1269,557.04,282368
1270,512.85,282520
1271,415.46,282704
1272,410.57,283112
1273,482.25,283144
1274,404.00,283448
1275,397.76,283728
1276,650.88,284056
1277,502.00,284176
1278,479.92,284336
1279,343.23,284592
1280,409.02,284712
1281,460.51,284856
1282,441.37,284960
1283,352.97,285416
1284,467.20,285736
1285,511.19,285784
1286,516.62,286152
1287,418.22,286168
1288,484.78,286168
1289,249.04,286392
1290,427.90,286872
1291,442.85,287176
1292,498.08,287520
1293,408.52,287672
1294,535.44,287680
1295,468.55,288080
1296,493.04,288176
1297,530.66,288400
1298,448.63,288568
1299,519.17,288848
1300,211.48,289096
1301,359.42,289104
1302,506.33,289472
1303,519.08,289488
1304,537.68,290040
1305,753.46,290088
1306,377.04,290264
1307,513.05,290328
1308,527.77,290568
1309,492.29,291032
1310,444.86,291048
1311,474.03,291160
1312,414.88,291712
1313,486.54,292040
1314,480.47,292048
1315,440.79,292136
1316,613.26,292272
1317,515.75,292664
1318,424.73,292728
1319,410.12,292872
1320,324.52,293456
1321,442.05,293600
1322,357.46,293712
1323,482.30,294008
1324,477.86,294064
1325,530.65,294312
1326,535.21,294704
1327,450.15,294736
1328,425.62,295032
1329,549.86,295576
1330,527.69,295608
1331,342.65,295768
1332,363.15,295872
1333,508.48,295904
1334,532.37,296584
1335,439.55,296712
1336,469.93,296904
1337,483.20,297320
1338,499.24,297464
1339,356.72,297480
1340,498.23,297584
1341,166.50,297864
1342,664.63,297880
1343,367.50,298152
1344,358.83,298376
1345,459.21,298960
1346,493.05,299144
1347,506.10,299192
1348,494.73,299344
1349,547.65,299704
1350,386.19,299800
1351,467.05,299832
1352,531.89,300288
1353,272.58,300336
1354,309.33,300776
1355,442.56,300840
1356,488.38,301008
1357,522.52,301280
1358,566.75,301488
1359,504.00,301520
1360,275.54,302096
1361,382.44,302168
1362,436.13,302296
1363,361.06,302408
1364,376.03,302888
1365,441.35,303016
1366,455.56,303152
1367,391.74,303296
1368,356.09,303704
1369,504.53,303960
1370,465.07,304096
1371,563.36,304344
1372,258.88,304512
1373,480.29,304584
1374,476.63,304760
1375,466.74,304888
1376,458.75,305712
1377,543.71,305768
1378,490.09,305792
1379,509.62,305904
1380,515.36,306232
1381,390.77,306256
1382,428.17,306576
1383,483.82,306576
1384,413.65,307296
1385,544.39,307672
1386,512.20,307720
1387,418.07,307800
1388,445.52,307824
1389,392.28,308264
1390,512.67,308264
1391,682.14,308584
1392,390.86,309304
1393,523.23,309336
1394,440.32,309352
1395,382.23,309384
1396,481.22,309464
1397,358.30,309728
1398,513.43,310032
1399,240.29,310216
1400,215.28,310376
1401,509.77,310408
1402,495.47,310872
1403,461.19,311120
1404,522.51,311320
1405,464.32,311392
1406,512.79,311480
1407,291.97,311808
1408,450.88,311968
1409,392.41,312008
1410,455.45,312800
1411,471.59,312880
1412,479.65,313216
1413,516.35,313240
1414,429.68,313384
1415,497.71,313504
1416,493.49,313800
1417,664.86,313976
1418,400.71,314480
1419,357.77,314504
1420,431.17,314592
1421,424.33,314840
1422,378.97,315024
1423,775.63,315224
1424,242.18,315736
1425,554.10,315776
1426,676.55,315808
1427,554.93,316224
1428,481.83,316296
1429,436.10,316616
1430,488.16,316704
1431,528.67,316800
1432,542.26,317624
1433,336.90,317704
1434,379.95,317712
1435,476.48,317744
1436,562.61,317816
1437,496.39,318104
1438,450.31,318248
1439,464.36,318808
1440,472.28,319280
1441,478.42,319560
1442,531.62,319568
1443,461.55,319632
1444,483.85,319752
1445,536.33,319864
1446,673.25,320112
1447,472.36,320552
1448,311.06,321000
1449,435.78,321120
1450,390.17,321136
1451,493.38,321320
1452,409.21,321456
1453,346.93,321560
1454,413.32,321648
1455,525.22,321976
1456,550.01,322776
1457,426.64,322872
1458,466.86,322904
1459,363.19,322992
1460,480.49,323088
1461,470.85,323120
1462,533.04,323328
1463,490.23,323656
1464,390.21,324432
1465,510.25,324472
1466,417.42,324608
1467,285.54,324664
1468,523.43,324888
1469,282.97,325128
1470,737.30,325336
1471,478.25,325664
1472,474.62,326144
1473,533.42,326248
1474,501.87,326296
1475,557.18,326440
1476,312.49,326632
1477,486.68,326896
1478,505.24,327080
1479,328.24,327256
1480,448.09,327896
1481,412.79,327928
1482,435.10,328016
1483,469.02,328120
1484,546.72,328232
1485,341.01,328624
1486,494.92,328824
1487,483.18,328904
1488,489.70,329648
1489,462.91,329848
1490,452.96,329896
1491,530.16,329912
1492,336.91,329920
1493,424.11,330344
1494,403.78,330392
1495,450.17,330432
1496,370.42,331104
1497,495.14,331600
1498,517.89,331656
1499,673.39,331856
1500,766.20,331928
1501,329.28,332048
1502,368.95,332104
1503,480.36,332120
1504,489.86,332816
1505,382.90,333144
1506,371.36,333288
1507,465.30,333568
1508,321.99,333584
1509,412.77,333608
1510,696.38,333864
1511,484.41,334016
1512,493.30,334824
1513,493.69,335080
1514,733.97,335152
1515,498.68,335400
1516,471.84,335408
1517,421.84,335464
1518,486.05,335496
1519,464.73,335872
1520,494.40,336464
1521,476.16,336680
1522,485.77,336792
1523,483.81,337136
1524,445.89,337152
1525,562.88,337152
1526,391.66,337272
1527,520.21,337528
1528,460.15,338240
1529,381.92,338328
1530,421.99,338512
1531,387.92,338808
1532,439.61,339160
1533,606.94,339160
1534,662.26,339280
1535,425.88,339440
1536,474.88,339680
1537,317.43,339920
1538,219.33,340112
1539,494.14,340120
1540,503.10,340576
1541,348.89,340864
1542,386.91,340984
1543,440.84,341272
1544,300.95,341528
1545,506.95,341632
1546,410.91,341648
1547,493.39,341848
1548,309.47,341936
1549,383.82,342480
1550,476.95,342488
1551,492.78,342904
1552,421.00,343184
1553,395.45,343256
1554,509.41,343416
1555,385.58,343536
1556,545.41,343544
1557,529.66,344000
1558,485.39,344080
1559,401.99,344888
1560,717.42,345192
1561,738.66,345264
1562,465.03,345280
1563,468.44,345336
1564,483.18,345536
1565,365.29,345760
1566,829.60,346008
1567,536.76,346896
1568,394.71,346976
1569,431.63,347032
1570,663.81,347272
1571,489.94,347296
1572,686.64,347344
1573,364.78,347496
1574,483.29,347720
1575,494.36,348424
1576,468.85,348696
1577,718.36,348904
1578,499.40,349016
1579,524.75,349048
1580,500.36,349152
1581,549.79,349280
1582,437.63,349408
1583,463.17,350272
1584,451.74,350376
1585,422.58,350736
1586,518.71,350864
1587,407.67,350864
1588,395.84,350896
1589,401.87,350912
1590,381.18,351112
1591,396.30,352144
1592,486.04,352160
1593,411.66,352296
1594,524.75,352552
1595,456.56,352728
1596,398.07,352744
1597,679.67,352904
1598,410.38,352928
1599,245.78,353592
1600,398.29,354032
1601,728.69,354168
1602,491.78,354256
1603,482.30,354480
1604,438.95,354552
1605,547.84,354616
1606,506.49,354912
1607,424.75,354944
1608,269.92,355352
1609,504.05,355936
1610,507.50,356104
1611,425.52,356136
1612,502.25,356400
1613,541.39,356560
1614,467.84,356664
1615,461.88,356792
1616,435.08,356856
1617,477.60,357688
1618,503.28,357728
1619,430.16,357912
1620,365.32,358064
1621,538.32,358320
1622,484.59,358360
1623,454.65,358552
1624,619.47,358672
1625,265.03,359528
1626,296.53,359592
1627,413.88,359696
1628,625.32,359736
1629,370.08,360072
1630,444.43,360088
1631,421.55,360336
1632,644.96,360560
1633,487.42,361160
1634,546.18,361400
1635,453.05,361600
1636,497.79,361688
1637,757.91,361744
1638,438.67,361808
1639,482.55,362344
1640,483.95,362520
1641,479.12,362936
1642,510.62,363408
1643,537.62,363528
1644,775.94,363608
1645,694.50,363696
1646,597.55,363752
1647,410.63,364240
1648,377.11,364480
1649,498.30,364536
1650,277.54,364928
1651,457.61,365080
1652,405.91,365192
1653,464.90,365384
1654,422.46,365432
1655,411.45,366040
1656,578.29,366280
1657,648.03,366544
1658,445.88,366696
1659,433.57,366776
1660,508.60,366824
1661,469.68,367000
1662,586.61,367200
1663,414.01,367728
1664,515.63,368088
1665,517.36,368400
1666,509.36,368424
1667,399.29,368440
1668,515.99,368520
1669,489.75,368960
1670,513.60,368984
1671,512.90,369544
1672,495.85,369792
1673,367.13,370000
1674,498.20,370192
1675,567.71,370408
1676,726.02,370432
1677,471.08,370904
1678,377.30,370968
1679,725.74,370968
1680,334.54,371640
1681,472.66,371744
1682,601.00,371800
1683,515.66,372128
1684,750.52,372416
1685,414.45,372440
1686,495.32,372600
1687,538.51,372672
1688,468.78,373368
1689,446.94,373432
1690,408.95,373544
1691,282.31,373656
1692,362.44,374000
1693,478.38,374104
1694,522.46,374184
1695,528.74,374328
1696,307.56,374920
1697,431.44,374992
1698,413.34,375208
1699,399.04,375304
1700,529.21,375592
1701,457.92,375752
1702,502.86,375984
1703,522.05,376008
1704,529.85,376536
1705,646.57,377000
1706,476.64,377152
1707,356.46,377200
1708,314.60,377208
1709,694.97,377312
1710,395.35,377640
1711,516.84,378016
1712,461.04,378368
1713,512.49,378768
1714,515.13,378856
1715,395.17,378920
1716,491.94,378968
1717,682.99,379008
1718,464.05,379272
1719,431.54,379776
1720,336.55,379936
1721,398.39,380432
1722,526.20,380496
1723,504.09,380856
1724,719.65,380976
1725,667.75,381016
1726,324.84,381136
1727,485.38,381168
1728,458.10,381536
1729,548.74,382256
1730,243.83,382352
1731,319.00,382400
1732,631.40,382440
1733,501.62,382648
1734,343.21,382672
1735,459.53,382880
1736,387.95,383144
1737,490.07,383840
1738,460.91,383936
1739,447.09,384144
1740,509.47,384176
1741,471.26,384192
1742,528.12,384336
1743,503.34,384488
1744,527.40,384592
1745,522.21,385472
1746,315.33,385552
1747,411.71,385560
1748,442.69,385672
1749,416.71,385984
1750,415.62,386088
1751,292.19,386184
1752,586.78,386496
1753,287.03,387040
1754,499.07,387328
1755,546.77,387352
1756,498.79,387560
1757,581.79,387560
1758,502.58,387648
1759,439.95,388000
1760,471.79,388040
1761,461.82,388408
1762,568.75,389080
1763,378.99,389144
1764,492.35,389360
1765,499.82,389448
1766,639.82,389656
1767,481.67,389768
1768,421.79,389936
1769,507.97,390104
1770,418.94,390816
1771,446.58,390976
1772,485.39,391104
1773,397.75,391184
1774,517.73,391408
1775,439.33,391496
1776,620.33,391664
1777,553.02,391712
1778,253.10,392048
1779,528.65,392392
1780,508.83,392864
1781,499.85,392984
1782,493.95,393040
1783,499.76,393192
1784,463.20,393320
1785,435.48,393560
1786,465.38,393672
1787,473.38,394088
1788,491.18,394344
1789,497.98,394736
1790,380.40,394760
1791,393.51,394896
1792,366.05,394936
1793,694.09,395048
1794,525.07,395104
1795,645.41,396096
1796,549.08,396176
1797,317.11,396216
1798,523.31,396520
1799,433.91,396576
1800,471.20,396664
1801,493.15,396664
1802,612.22,397056
1803,362.78,397656
1804,463.73,397784
1805,393.65,398040
1806,473.15,398120
1807,508.57,398384
1808,613.14,398528
1809,362.93,398584
1810,559.31,398672
1811,489.02,399600
1812,652.07,399664
1813,381.59,399680
1814,550.58,399928
1815,551.81,400104
1816,480.89,400160
1817,540.53,400216
1818,518.19,400488
1819,473.90,401432
1820,438.56,401432
1821,415.28,401432
1822,418.44,401600
1823,481.08,401824
1824,543.83,402032
1825,457.06,402032
1826,629.49,402224
1827,542.48,403192
1828,513.68,403216
1829,417.88,403320
1830,429.11,403328
1831,499.49,403640
1832,369.70,403648
1833,456.40,403800
1834,482.07,403952
1835,232.67,404240
1836,295.56,404680
1837,561.55,404968
1838,441.15,405304
1839,760.52,405336
1840,518.18,405416
1841,513.33,405488
1842,456.56,405680
1843,483.41,406040
1844,530.48,406360
1845,531.50,406864
1846,441.67,407008
1847,478.19,407016
1848,489.59,407072
1849,510.99,407096
1850,451.40,407168
1851,463.19,407984
1852,211.21,408000
1853,506.82,408048
1854,479.92,408600
1855,420.24,408632
1856,430.37,408816
1857,409.15,408984
1858,690.23,409080
1859,396.98,409680
1860,504.89,409760
1861,505.80,409792
1862,476.87,410336
1863,500.43,410360
1864,539.26,410608
1865,506.42,410848
1866,475.30,410976
1867,325.78,411352
1868,462.36,411680
1869,822.11,411800
1870,308.93,412168
1871,539.56,412192
1872,430.04,412368
1873,448.38,412848
1874,532.97,412856
1875,410.94,412960
1876,467.68,413488
1877,525.20,413496
1878,485.93,413880
1879,501.37,413920
1880,423.91,414072
1881,501.82,414568
1882,600.27,414856
1883,519.19,414896
1884,422.56,415032
1885,532.32,415376
1886,381.93,415456
1887,541.81,415656
1888,512.38,415968
1889,539.26,416320
1890,497.48,416400
1891,416.99,416664
1892,402.24,416976
1893,439.33,417040
1894,378.36,417288
1895,445.89,417344
1896,555.24,417696
1897,388.21,417896
1898,486.66,418080
1899,432.27,418640
1900,573.98,418672
1901,496.75,418720
1902,437.82,418872
1903,387.66,418904
1904,445.71,419440
1905,494.92,419592
1906,395.18,419944
1907,468.21,420296
1908,381.64,420328
1909,453.16,420464
1910,525.81,420568
1911,516.38,420592
1912,462.17,421168
1913,416.69,421296
1914,403.50,421488
1915,495.40,421728
1916,435.44,422128
1917,506.81,422344
1918,506.49,422440
1919,501.87,422472
1920,525.36,422808
1921,533.87,422992
1922,395.13,423416
1923,732.21,423736
1924,538.23,423872
1925,408.47,424056
1926,517.82,424184
1927,439.30,424352
1928,401.97,424552
1929,563.02,424816
1930,538.31,424944
1931,441.19,425512
1932,459.86,425520
1933,354.55,425792
1934,540.10,425840
1935,437.40,425880
1936,500.41,426424
1937,526.14,426560
1938,518.42,426736
1939,355.21,427184
1940,523.65,427304
1941,515.81,427624
1942,644.68,427800
1943,672.03,427888
1944,545.26,428176
1945,461.12,428176
1946,505.59,428392
1947,387.55,428824
1948,506.82,428856
1949,407.60,429448
1950,521.20,429632
1951,454.92,429744
1952,499.41,429768
1953,306.24,429792
1954,489.16,429968
1955,480.28,430528
1956,515.05,430672
1957,490.40,431152
1958,413.87,431376
1959,564.27,431640
1960,453.14,431736
1961,583.06,431752
1962,657.85,431776
1963,536.10,432232
1964,766.78,432680
1965,549.48,432872
1966,485.19,433088
1967,485.87,433296
1968,409.37,433400
1969,521.64,433400
1970,504.88,433528
1971,496.69,433888
1972,368.17,434216
1973,483.82,434448
1974,448.06,434912
1975,390.41,434968
1976,519.78,435032
1977,473.11,435072
1978,559.95,435200
1979,507.03,435768
1980,439.14,435824
1981,365.62,436080
1982,510.27,436592
1983,393.20,436632
1984,458.94,436656
1985,557.05,436712
1986,460.07,436968
1987,461.34,437192
1988,479.22,437600
1989,533.36,437808
1990,459.65,438232
1991,435.75,438264
1992,441.99,438344
1993,442.78,438392
1994,464.08,438720
1995,457.10,439200
1996,397.28,439200
1997,514.11,439464
1998,424.57,439824
1999,510.29,439832
2000,533.83,440152
2001,564.92,440400
2002,494.37,440432
2003,527.48,440728
2004,502.88,440976
2005,418.56,441336
2006,529.87,441344
2007,217.23,441376
2008,466.53,441400
2009,434.85,441920
2010,461.47,442408
2011,464.20,442552
2012,569.99,442624
2013,304.10,442640
2014,494.63,442976
2015,498.05,443072
2016,529.04,443184
2017,364.75,443304
2018,337.29,443728
2019,433.82,444000
2020,508.40,444328
2021,490.91,444568
2022,416.69,444584
2023,304.56,444600
2024,673.06,444632
2025,353.98,444728
2026,499.36,445432
2027,351.06,446008
2028,495.83,446008
2029,465.89,446200
2030,437.09,446240
2031,395.05,446512
2032,725.91,446576
2033,683.96,446640
2034,502.40,446960
2035,188.74,447168
2036,367.89,447344
2037,468.54,447928
2038,365.92,448000
2039,361.64,448048
2040,501.53,448296
2041,466.84,448368
2042,488.06,448816
2043,364.54,448856
2044,655.42,449176
2045,316.83,449424
2046,371.14,449544
2047,473.40,449672
2048,541.26,449936
2049,606.21,450008
2050,474.43,450352
2051,727.49,450824
2052,474.71,450920
2053,484.50,451128
2054,527.10,451232
2055,537.03,451504
2056,406.11,451640
2057,514.91,451784
2058,508.65,452152
2059,472.37,452712
2060,436.13,452832
2061,493.02,453088
2062,522.82,453136
2063,512.67,453280
2064,474.34,453504
2065,488.97,453648
2066,494.40,453936
2067,301.27,453976
2068,477.76,454176
2069,404.01,454632
2070,384.76,454632
2071,508.18,454808
2072,495.72,455112
2073,477.08,455432
2074,567.40,455528
2075,513.11,455616
2076,434.54,455712
2077,410.77,456240
2078,545.44,456264
2079,494.96,456544
2080,479.89,456560
2081,502.59,457192
2082,372.30,457208
2083,461.97,457456
2084,387.35,457488
2085,478.23,458008
2086,515.38,458088
2087,406.21,458320
2088,652.41,458552
2089,291.53,458632
2090,428.43,458720
2091,542.81,459104
2092,448.63,459368
2093,365.75,459672
2094,514.39,459856
2095,436.49,459912
2096,428.17,460168
2097,479.03,460328
2098,410.92,460336
2099,484.47,460536
2100,276.35,461128
2101,768.22,461376
2102,539.69,461456
2103,506.82,461576
2104,511.58,461984
2105,501.66,462104
2106,647.40,462336
2107,529.67,462544
2108,544.04,462688
2109,381.30,462992
2110,521.02,463392
2111,675.70,463464
2112,638.05,463584
2113,476.28,463744
2114,390.48,463800
2115,467.16,464304
2116,351.26,464696
2117,387.02,464984
2118,457.05,465024
2119,483.67,465104
2120,456.76,465312
2121,459.38,465400
2122,642.29,465808
2123,346.95,466312
2124,496.94,466360
2125,530.80,466536
2126,496.57,466712
2127,539.78,466760
2128,505.24,466904
2129,459.26,467032
2130,446.22,467424
2131,420.22,467904
2132,463.92,468000
2133,353.24,468120
2134,513.97,468320
2135,542.94,468336
2136,505.69,468592
2137,466.95,468624
2138,242.76,469088
2139,696.81,469432
2140,443.00,469672
2141,564.27,469784
2142,532.25,470008
2143,446.18,470088
2144,461.16,470192
2145,402.23,470280
2146,497.05,470704
2147,472.56,471440
2148,725.33,471440
2149,792.85,471680
2150,531.80,471720
2151,514.35,471808
2152,560.55,472064
2153,534.10,472128
2154,496.47,472288
2155,504.56,473144
2156,515.88,473240
2157,517.91,473304
2158,503.56,473360
2159,624.93,473448
2160,527.61,473808
2161,388.77,474072
2162,710.62,474296
2163,466.81,474376
2164,555.90,475064
2165,566.94,475064
2166,474.57,475144
2167,451.47,475248
2168,479.76,475528
2169,478.63,475624
2170,539.47,476056
2171,605.10,476304
2172,452.53,476464
2173,508.50,476544
2174,382.40,476736
2175,414.29,477200
2176,455.88,477256
2177,497.19,477336
2178,619.67,478064
2179,501.18,478088
2180,395.80,478184
2181,466.52,478200
2182,344.93,478488
2183,472.48,478792
2184,536.57,478848
2185,391.08,479168
2186,516.28,479648
2187,466.78,479800
2188,437.23,479880
2189,430.74,480016
2190,471.09,480144
2191,410.03,480368
2192,365.66,480464
2193,503.40,480936
2194,490.39,481376
2195,385.78,481520
2196,623.47,481888
2197,474.77,481992
2198,674.67,482024
2199,553.06,482152
2200,431.54,482160
2201,631.16,482944
2202,492.35,483080
2203,554.53,483320
2204,387.67,483400
2205,406.77,483432
2206,484.40,483616
2207,460.74,483688
2208,546.47,483856
2209,528.20,484392
2210,465.82,484776
2211,496.57,484904
2212,393.27,485024
2213,436.44,485104
2214,489.89,485248
2215,510.04,485600
2216,424.74,485624
2217,493.31,486016
2218,546.12,486376
2219,430.21,486680
2220,536.32,486752
2221,374.45,486872
2222,425.83,486880
2223,207.83,486920
2224,435.51,486984
2225,489.79,487312
2226,488.63,488112
2227,445.99,488480
2228,344.43,488664
2229,559.71,488688
2230,550.49,488696
2231,520.73,488712
2232,473.72,488920
2233,533.50,488936
2234,480.24,489744
2235,462.22,490240
2236,552.69,490248
2237,504.74,490376
2238,557.65,490456
2239,499.06,490552
2240,666.43,490720
2241,515.11,490928
2242,399.87,491176
2243,494.00,491816
2244,549.40,492112
2245,609.92,492256
2246,300.73,492264
2247,523.61,492312
2248,495.34,492400
2249,544.14,492528
2250,486.95,492712
2251,521.01,493312
2252,332.79,493824
2253,523.32,493952
2254,477.34,493952
2255,425.42,493992
2256,481.54,494008
2257,362.76,494200
2258,357.52,494536
2259,541.36,494960
2260,329.22,495512
2261,422.42,495608
2262,533.48,495640
2263,546.58,495640
2264,478.90,495664
2265,534.89,495856
2266,554.23,496280
2267,425.98,496640
2268,350.89,496712
2269,504.39,497248
2270,344.96,497296
2271,533.40,497568
2272,552.96,497648
2273,508.25,497648
2274,520.92,498056
2275,495.43,498264
2276,414.48,498712
2277,477.80,498896
2278,502.67,499272
2279,727.53,499304
2280,465.93,499400
2281,463.16,499632
2282,585.96,500064
2283,791.18,500272
2284,512.79,500328
2285,537.38,500720
2286,496.48,500928
2287,551.18,501104
2288,486.59,501160
2289,537.11,501328
2290,408.59,501768
2291,525.84,502072
2292,358.23,502248
2293,535.89,502560
2294,493.45,502616
2295,490.34,502696
2296,511.13,502864
2297,520.08,503056
2298,799.32,503776
2299,468.45,503864
2300,383.33,503888
2301,462.74,503968
2302,415.97,504464
2303,368.18,504512
2304,429.51,504704
2305,525.72,504936
2306,447.71,505432
2307,536.32,505480
2308,476.80,505488
2309,442.21,505496
2310,536.47,506312
2311,370.34,506328
2312,533.53,506392
2313,528.51,506536
2314,420.43,506960
2315,345.81,507120
2316,519.81,507264
2317,722.49,507440
2318,493.56,507784
