# Episode,Reward,Timestep
1,208.70,1152
2,223.76,1456
3,206.67,1544
4,111.90,1656
5,190.05,1984
6,408.74,2000
7,380.16,2000
8,422.69,2000
9,236.82,3160
10,304.84,3464
11,349.94,3552
12,160.67,3568
13,288.19,3664
14,182.68,3712
15,255.85,3992
16,375.72,4008
17,405.48,5168
18,398.30,5400
19,177.76,5448
20,406.98,5560
21,416.02,5576
22,210.89,5696
23,446.20,6000
24,569.88,6016
25,235.51,6360
26,160.97,6704
27,95.64,7144
28,139.41,7240
29,182.24,7336
30,142.28,7368
31,344.02,7584
32,422.13,7704
33,311.29,8360
34,145.59,8536
35,84.52,8552
36,232.67,8696
37,183.88,8904
38,532.99,9344
39,103.97,9344
40,310.83,9352
41,285.32,9408
42,199.33,9776
43,154.57,9808
44,253.33,10088
45,84.40,10096
46,133.17,10456
47,294.45,10560
48,208.53,10592
49,120.37,10592
50,150.31,10864
51,103.39,11168
52,84.05,11176
53,106.63,11320
54,153.40,11552
55,212.94,11960
56,160.97,12288
57,134.65,12416
58,332.35,12600
59,427.76,12600
60,303.46,12872
61,166.35,12888
62,530.60,13184
63,125.65,13400
64,161.03,13944
65,443.33,13968
66,370.32,14424
67,218.14,14496
68,453.13,14608
69,310.47,14608
70,332.71,14880
71,389.87,14952
72,306.95,15288
73,173.40,15592
74,120.95,15680
75,113.13,15800
76,318.93,16368
77,238.32,16600
78,339.12,16616
79,127.40,16664
80,268.84,16848
81,358.69,16960
82,205.15,16984
83,100.92,17336
84,566.23,17384
85,143.65,17520
86,125.52,17704
87,193.78,17816
88,233.35,18128
89,151.72,18168
90,117.25,18224
91,117.09,18512
92,67.87,18776
93,205.16,18864
94,100.98,19352
95,208.33,19424
96,176.88,19480
97,345.81,19528
98,37.27,19680
99,113.62,20000
100,464.64,20232
101,194.71,20496
102,198.70,20848
103,188.63,21104
104,121.94,21264
105,151.09,21344
106,319.80,21360
107,209.72,21832
108,437.18,22008
109,122.84,22008
110,76.11,22384
111,247.75,22656
112,243.37,22856
113,238.99,22904
114,307.00,23352
115,180.93,23496
116,384.68,23840
117,430.82,24016
118,207.48,24072
119,192.22,24376
120,183.10,24392
121,335.21,24664
122,328.32,24696
123,173.90,25112
124,193.21,25136
125,170.64,25520
126,85.50,25544
127,107.92,25696
128,228.85,25920
129,224.79,26000
130,319.88,26336
131,90.83,26344
132,192.79,26368
133,269.94,26464
134,181.62,26616
135,48.77,26976
136,150.27,27056
137,109.92,27072
138,192.64,27392
139,163.31,27744
140,148.96,27928
141,252.97,28200
142,155.03,28200
143,344.12,28352
144,118.77,28744
145,279.20,29048
146,434.04,29064
147,437.57,29400
148,175.74,29432
149,92.24,29736
150,194.61,29808
151,236.97,30208
152,331.87,30360
153,365.37,30752
154,525.15,31056
155,299.87,31072
156,234.08,31136
157,171.24,31360
158,309.09,31440
159,282.57,31600
160,102.26,31656
161,257.84,31768
162,133.15,32192
163,129.13,32264
164,161.99,32328
165,157.14,32336
166,97.29,32640
167,194.74,32752
168,128.21,32872
169,187.83,32928
170,80.38,33224
171,108.74,33400
172,141.99,33552
173,206.71,33712
174,112.23,33752
175,182.01,33912
176,185.48,33920
177,89.58,34192
178,122.61,34608
179,60.61,34648
180,181.35,34720
181,254.22,34880
182,174.18,34896
183,109.91,34936
184,228.43,35264
185,119.73,35280
186,64.30,35640
187,119.52,35664
188,478.10,35928
189,120.58,36128
190,176.16,36216
191,157.29,36664
192,209.16,36696
193,163.70,36848
194,145.50,36976
195,533.25,37272
196,234.85,37320
197,147.04,37648
198,195.26,37704
199,422.12,37936
200,203.47,37976
201,146.43,38104
202,154.82,38136
203,145.85,38280
204,156.98,38288
205,130.29,38792
206,293.82,39064
207,440.06,39656
208,399.57,39944
209,497.57,39984
210,354.04,40144
211,428.92,40288
212,447.18,40296
213,430.62,40800
214,232.15,41072
215,275.02,41664
216,247.20,41952
217,446.07,41992
218,423.88,42152
219,244.09,42296
220,287.36,42304
221,378.24,42808
222,338.88,43080
223,323.38,43672
224,336.51,43936
225,227.29,43984
226,213.88,44000
227,202.41,44160
228,208.74,44312
229,93.03,44752
230,143.25,44792
231,153.63,44800
232,434.42,44816
233,262.29,45592
234,396.63,45680
235,325.86,45888
236,112.67,46104
237,438.86,46168
238,279.23,46456
239,156.62,46728
240,70.06,46736
241,278.02,46760
242,451.43,46824
243,398.40,47600
244,438.32,47896
245,364.81,48112
246,352.89,48464
247,519.13,48736
248,321.28,48744
249,336.42,48768
250,374.80,48832
251,362.45,49608
252,258.94,49904
253,236.07,50040
254,317.37,50120
255,182.83,50352
256,367.96,50752
257,247.78,50776
258,203.68,50840
259,136.09,50992
260,255.74,51616
261,140.17,51808
262,371.44,51912
263,393.99,52048
264,291.31,52128
265,179.21,52784
266,225.84,52848
267,259.29,53000
268,196.57,53192
269,282.00,53624
270,275.92,53816
271,284.02,53920
272,158.07,53992
273,348.75,54056
274,226.40,54064
275,123.58,55000
276,249.47,55008
277,226.09,55096
278,140.97,55152
279,289.24,55296
280,204.02,55824
281,271.06,55928
282,335.19,56064
283,138.95,56520
284,295.54,57008
285,278.68,57016
286,274.18,57104
287,434.95,57304
288,206.68,57496
289,157.62,57568
290,352.89,57600
291,184.87,57712
292,345.16,57920
293,293.20,57936
294,197.66,58896
295,298.42,58936
296,353.42,59112
297,213.91,59312
298,232.78,59576
299,342.90,59608
300,176.98,59720
301,321.82,59928
302,71.11,60384
303,147.82,60760
304,363.90,60904
305,382.08,60944
306,184.54,61120
307,260.39,61232
308,297.41,61416
309,333.63,61584
310,166.99,62384
311,324.01,62392
312,175.09,62776
313,283.99,62912
314,553.13,62952
315,377.15,62976
316,218.37,63128
317,220.79,63424
318,312.41,63800
319,87.37,63912
320,188.02,64000
321,240.42,64288
322,295.47,64768
323,216.38,64768
324,358.11,64784
325,263.58,64888
326,296.06,64984
327,315.42,65920
328,377.29,66008
329,388.62,66296
330,423.07,66776
331,396.56,66776
332,402.39,66792
333,426.76,66896
334,204.47,66968
335,314.47,66992
336,398.66,67216
337,206.73,67640
338,170.86,67824
339,305.73,67856
340,303.28,68200
341,596.77,68304
342,340.91,68544
343,93.86,68672
344,256.66,68784
345,359.92,68904
346,278.20,69600
347,310.06,69640
348,498.63,69648
349,118.38,69664
350,460.00,69728
351,588.69,69864
352,89.18,70096
353,115.28,70240
354,538.78,70552
355,415.34,70616
356,76.39,70712
357,147.04,71000
358,64.71,71120
359,372.71,71328
360,178.47,71592
361,133.81,71616
362,523.22,71648
363,449.39,71656
364,449.29,71872
365,107.16,72160
366,144.98,72200
367,77.39,72216
368,421.13,72560
369,541.71,72624
370,520.51,73336
371,165.94,73376
372,305.83,73496
373,252.93,73584
374,508.96,73664
375,262.21,73720
376,376.38,73880
377,111.80,74144
378,389.80,74568
379,327.95,75136
380,447.83,75384
381,466.95,75504
382,533.50,75672
383,313.10,75728
384,479.18,75888
385,467.96,76152
386,100.47,76320
387,135.48,76352
388,422.47,76576
389,280.96,76768
390,507.44,77144
391,338.50,77360
392,450.49,77392
393,264.47,77840
394,307.83,78328
395,391.90,78360
396,266.23,78584
397,358.28,78776
398,270.52,79016
399,368.47,79152
400,293.04,79312
401,499.93,79368
402,345.93,79840
403,258.31,80128
404,292.61,80336
405,436.20,80592
406,408.74,81024
407,264.03,81160
408,400.14,81320
409,162.06,81360
410,231.61,81376
411,222.36,81424
412,219.49,81896
413,199.35,82152
414,314.56,82344
415,228.30,82408
416,439.39,82600
417,259.81,82616
418,208.87,82896
419,394.49,82992
420,49.08,83560
421,269.21,83904
422,229.92,84192
423,93.24,84272
424,330.50,84352
425,465.20,84416
426,-145.30,84592
427,391.69,84608
428,497.99,84624
429,130.41,84744
430,118.58,85192
431,248.55,85440
432,247.20,85536
433,251.23,85568
434,297.64,85816
435,390.54,86344
436,236.80,86360
437,383.04,86616
438,397.74,86632
439,355.03,87128
440,124.64,87224
441,341.48,87376
442,271.41,87576
443,129.15,87592
444,322.06,87768
445,597.48,87824
446,35.09,88016
447,526.35,88352
448,668.77,88624
449,189.44,88888
450,307.47,88944
451,348.06,89024
452,226.53,89096
453,442.94,89208
454,319.66,89232
455,300.53,89312
456,440.03,89600
457,127.63,89640
458,103.62,89768
459,343.79,90440
460,205.98,90512
461,415.90,90600
462,-54.92,90600
463,64.28,90808
464,496.73,91032
465,628.67,91104
466,268.26,91328
467,193.68,91544
468,545.21,91608
469,395.24,91768
470,102.52,92176
471,348.27,92520
472,735.42,92816
473,378.94,93032
474,534.51,93040
475,467.83,93112
476,269.42,93288
477,119.13,93544
478,307.14,93616
479,292.98,94184
480,250.81,94424
481,480.63,94528
482,291.25,94720
483,470.20,94824
484,489.12,95040
485,474.42,95120
486,152.53,95416
487,376.38,95624
488,98.04,95752
489,318.62,95816
490,254.45,95904
491,252.11,95912
492,259.98,95936
493,113.54,96144
494,168.24,96248
495,227.85,96376
496,562.06,96384
497,388.39,97128
498,175.51,97328
499,248.23,97432
500,346.59,97464
1,210.38,1536
2,143.35,1552
3,43.57,1656
4,461.57,2000
5,332.44,2000
6,330.15,2000
7,533.97,2000
8,395.83,2000
9,183.38,3008
10,77.20,3120
11,309.43,3544
12,495.73,3560
13,507.26,4008
14,345.12,4008
15,520.42,4008
16,284.47,4008
17,86.49,4320
18,442.02,5016
19,301.11,5128
20,366.40,5568
21,252.33,5640
22,133.02,5912
23,154.92,6016
24,494.93,6016
25,472.10,6016
26,70.76,6464
27,183.41,6464
28,73.96,6720
29,146.85,7288
30,133.87,7368
31,89.15,7416
32,209.91,7752
33,329.41,7768
34,232.39,7952
35,138.06,8264
36,194.49,8376
37,397.17,8728
38,373.24,8848
39,103.33,9168
40,459.75,9424
41,270.23,9424
42,270.87,9608
43,233.14,9744
44,272.08,9784
45,368.12,9800
46,306.27,10096
47,143.86,10448
48,72.99,10576
49,321.52,10616
50,135.11,10624
51,153.15,10856
52,224.80,10976
53,257.64,11008
54,379.80,11072
55,144.70,11176
56,146.61,11280
57,185.99,11544
58,125.74,11624
59,120.61,11672
60,64.89,11912
61,140.18,12056
62,224.42,12192
63,125.87,12216
64,164.53,12248
65,163.60,12512
66,89.01,12520
67,107.70,12672
68,120.45,12744
69,122.21,12752
70,168.28,13176
71,68.84,13232
72,381.19,13288
73,184.86,13408
74,181.12,13512
75,135.66,13512
76,200.20,13544
77,104.35,13592
78,169.33,14176
79,128.79,14272
80,90.26,14296
81,95.32,14360
82,206.44,14480
83,127.60,14528
84,108.24,14640
85,131.17,14704
86,181.44,14936
87,79.88,15008
88,107.72,15208
89,84.86,15280
90,105.31,15288
91,94.53,15384
92,151.92,15440
93,115.66,15544
94,115.83,15608
95,110.75,15688
96,80.44,15912
97,122.10,15944
98,78.25,15968
99,130.14,15984
100,105.83,16032
101,103.42,16320
102,113.44,16360
103,118.26,16400
104,127.11,16472
105,115.51,16560
106,97.18,16592
107,128.51,16672
108,153.98,16704
109,156.49,16752
110,50.61,16856
111,125.22,16960
112,108.34,17232
113,116.94,17240
114,119.52,17240
115,108.53,17248
116,148.87,17272
117,126.10,17344
118,68.68,17424
119,73.12,17544
120,138.24,17672
121,106.01,17688
122,187.65,17832
123,115.89,17872
124,104.86,17896
125,110.55,18008
126,153.87,18024
127,106.88,18152
128,140.37,18184
129,126.01,18256
130,105.88,18440
131,114.90,18504
132,87.48,18504
133,139.78,18624
134,81.47,18760
135,84.66,18808
136,159.30,18936
137,125.01,18944
138,181.78,19056
139,118.67,19176
140,117.84,19256
141,129.27,19272
142,93.56,19464
143,113.86,19568
144,114.75,19680
145,148.64,19712
146,89.44,19896
147,167.39,19976
148,271.99,20024
149,100.90,20024
150,631.40,20160
151,193.28,20200
152,96.06,20344
153,119.00,20360
154,172.00,20464
155,121.26,20488
156,115.11,20536
157,158.00,20680
158,177.61,20728
159,163.20,20736
160,113.06,20808
161,110.35,20888
162,204.16,21224
163,106.67,21256
164,628.94,21984
165,444.49,22352
166,296.65,22608
167,577.31,22688
168,546.24,22744
169,436.25,22816
170,440.23,22896
171,495.53,23264
172,417.83,23992
173,477.54,24360
174,260.86,24568
175,298.90,24616
176,292.90,24696
177,336.80,24800
178,312.17,24824
179,219.67,25080
180,272.40,25112
181,201.62,26096
182,178.72,26128
183,351.93,26240
184,116.48,26472
185,329.25,26576
186,152.95,26624
187,286.28,26808
188,340.64,27088
189,405.27,27120
190,96.66,27384
191,194.17,27568
192,81.84,27624
193,276.57,27624
194,330.99,27640
195,45.72,27704
196,89.82,27912
197,130.42,27960
198,520.96,27960
199,88.45,28088
200,85.18,28128
201,515.38,28416
202,141.12,28520
203,704.13,28632
204,121.32,28696
205,219.09,28712
206,143.51,28744
207,210.87,28800
208,158.44,29120
209,273.49,29728
210,543.62,30424
211,484.99,30528
212,503.09,30656
213,477.70,30704
214,456.08,30752
215,411.39,30808
216,455.02,31128
217,441.91,31704
218,228.88,31880
219,325.75,32056
220,558.94,32432
221,478.20,32536
222,386.97,32720
223,235.89,32760
224,324.48,32928
225,90.14,32976
226,450.87,33712
227,381.01,33888
228,316.49,33912
229,402.25,34064
230,560.40,34440
231,152.28,34480
232,446.59,34544
233,311.75,34768
234,589.61,34936
235,295.68,35088
236,172.80,35376
237,421.76,35584
238,397.80,35664
239,574.03,35896
240,89.93,35904
241,729.30,36208
242,249.60,36360
243,111.02,36440
244,362.98,36680
245,652.32,36944
246,587.55,37096
247,84.36,37216
248,665.42,37384
249,108.12,37504
250,356.93,37656
251,70.03,37856
252,454.87,37912
253,638.32,38216
254,681.02,38368
255,406.90,38456
256,468.23,38688
257,474.77,39392
258,667.19,39664
259,351.77,39720
260,570.03,39864
261,651.66,39920
262,689.30,40224
263,504.29,40232
264,84.80,40488
265,638.41,40696
266,350.02,41400
267,244.64,41608
268,603.52,41672
269,676.60,41728
270,319.70,41760
271,328.03,41848
272,374.63,41920
273,125.09,42048
274,349.21,42328
275,169.06,42584
276,281.62,42728
277,126.96,42824
278,127.90,43368
279,334.12,43408
280,513.77,43592
281,367.69,43736
282,105.41,43816
283,50.96,43920
284,362.78,43928
285,92.57,44168
286,364.79,44336
287,150.00,44528
288,536.70,44592
289,678.95,44736
290,320.84,44968
291,243.16,45000
292,85.83,45064
293,193.02,45120
294,111.17,45136
295,158.90,45144
296,119.80,45328
297,568.56,45824
298,723.33,46344
299,294.82,46384
300,279.64,46664
301,301.38,46832
302,610.24,46976
303,514.03,47008
304,71.79,47048
305,526.80,47152
306,262.39,47272
307,492.29,47336
308,132.98,47776
309,313.02,48048
310,133.22,48152
311,389.14,48312
312,123.11,48800
313,209.88,48984
314,294.71,48984
315,289.44,49016
316,336.46,49056
317,290.07,49072
318,374.79,49472
319,171.14,49792
320,402.96,50160
321,228.55,50416
322,248.88,50512
323,379.05,50992
324,378.93,51024
325,291.15,51064
326,432.00,51480
327,359.32,51536
328,422.77,51800
329,155.40,52040
330,229.96,52136
331,543.43,52424
332,376.86,52520
333,247.09,52560
334,160.24,52792
335,263.46,52808
336,275.55,53184
337,362.05,53840
338,336.93,53960
339,210.42,53960
340,353.86,54048
341,327.46,54432
342,151.58,54488
343,272.90,54568
344,503.57,54688
345,113.42,54768
346,515.08,54816
347,171.22,54888
348,442.33,54944
349,558.36,55256
350,183.07,55504
351,141.93,55584
352,326.84,55688
353,284.42,55720
354,114.42,55784
355,114.32,56008
356,80.93,56064
357,104.84,56168
358,471.12,56168
359,98.10,56280
360,132.87,56312
361,683.33,56400
362,106.59,56504
363,154.69,56536
364,86.50,56576
365,141.68,56664
366,526.58,56696
367,160.27,56712
368,125.84,56720
369,100.11,56824
370,107.58,56912
371,119.00,56984
372,105.58,57104
373,146.23,57144
374,165.75,57168
375,97.16,57176
376,129.74,57256
377,105.40,57512
378,95.04,57528
379,84.09,57856
380,62.77,58384
381,441.42,58632
382,480.34,58672
383,105.34,58864
384,433.81,58896
385,536.02,58992
386,460.98,59176
387,62.95,59184
388,763.37,59184
389,714.10,59520
390,224.08,59712
391,267.47,60280
392,273.85,60624
393,458.24,60680
394,268.26,60896
395,592.20,60904
396,523.04,61000
397,124.33,61064
398,296.37,61192
399,162.09,61376
400,120.92,61408
401,236.23,61480
402,109.47,61480
403,308.77,61528
404,102.49,61624
405,92.21,61632
406,99.71,61808
407,167.77,61976
408,157.87,62064
409,213.25,62064
410,155.10,62176
411,122.96,62616
412,137.66,62800
413,93.01,62848
414,268.69,62920
415,267.15,62928
416,120.88,63096
417,235.97,63256
418,488.53,63632
419,387.17,63816
420,479.26,63984
421,96.60,64136
422,434.76,64184
423,303.14,64248
424,321.77,64752
425,293.40,64760
426,214.24,64816
427,371.23,64984
428,326.95,65000
429,105.52,65176
430,100.41,65208
431,128.05,65232
432,75.41,65280
433,118.09,65360
434,69.31,65400
435,286.50,65440
436,220.77,65480
437,61.45,65656
438,117.06,65672
439,145.64,65680
440,93.19,65688
441,217.44,65832
442,104.47,65976
443,171.33,66152
444,128.25,66216
445,120.97,66568
446,158.02,66584
447,143.43,66624
448,124.66,66736
449,121.07,67176
450,170.44,67232
451,257.13,67368
452,231.10,67432
453,234.36,67448
454,353.33,67488
455,156.47,68088
456,239.50,68336
457,381.40,68632
458,424.56,68744
459,129.30,68976
460,164.37,69008
461,271.41,69184
462,143.69,69264
463,269.70,69296
464,194.02,69312
465,319.90,69496
466,179.07,69808
467,387.98,70272
468,281.53,70328
469,135.52,70784
470,411.83,70872
471,249.34,70896
472,305.18,71016
473,114.95,71160
474,343.63,71192
475,414.41,71320
476,258.26,71784
477,128.45,71792
478,625.33,71816
479,88.00,71824
480,231.02,72208
481,98.27,72272
482,565.56,72280
483,411.13,72368
484,141.54,72384
485,119.51,72392
486,182.79,72648
487,112.73,72728
488,127.33,72768
489,82.72,72864
490,149.25,72888
491,708.49,73024
492,98.30,73144
493,80.45,73376
494,175.04,73456
495,237.36,73592
496,156.56,73712
497,152.23,73840
498,127.98,73936
499,176.43,74032
500,188.33,74088
501,131.75,74088
502,568.76,74200
503,507.53,74392
504,91.33,74512
505,113.65,74544
506,591.57,74656
507,124.41,74760
508,94.25,74776
509,198.97,74872
510,94.48,74944
511,172.44,75784
512,349.85,76096
513,111.41,76152
514,343.43,76208
515,309.33,76520
516,436.26,76552
517,91.91,76568
518,485.59,76768
519,347.86,76784
520,449.33,76880
521,143.79,76904
522,111.22,76984
523,147.77,77016
524,68.10,77128
525,153.88,77288
526,168.06,77520
527,98.85,77656
528,57.68,77680
529,281.42,77696
530,163.90,78728
531,439.88,78792
532,458.26,78888
533,512.63,78912
534,327.20,79024
535,428.93,79296
536,409.75,79664
537,325.92,79688
538,207.33,80368
539,130.67,80384
540,310.97,80736
541,443.74,80800
542,452.28,80896
543,342.21,80920
544,129.29,80952
545,370.19,81032
546,191.13,81352
547,89.61,81416
548,320.35,81536
549,132.24,81832
550,228.46,82088
551,223.48,82248
552,554.55,82392
553,383.67,83040
554,294.80,83360
555,397.73,83424
556,322.23,83544
557,498.49,83840
558,445.93,84096
559,541.95,84256
560,447.51,84400
561,318.28,85032
562,354.68,85048
563,490.50,85368
564,397.97,85432
565,260.89,85664
566,263.65,85928
567,392.48,86104
568,369.08,86264
569,185.80,86288
570,227.45,86632
571,397.62,87056
572,230.11,87256
573,295.52,87440
574,280.51,87672
575,252.76,87920
576,255.02,87936
577,293.78,88272
578,199.28,88536
579,327.13,88640
580,202.97,89064
581,277.35,89240
582,312.59,89256
583,377.37,89928
584,352.92,89944
585,296.61,90280
586,260.04,90544
587,299.16,90648
588,285.37,91072
589,186.15,91208
590,245.87,91248
591,395.68,91264
592,170.21,91936
593,231.95,92104
594,192.86,92208
595,247.31,92208
596,210.05,92656
597,158.81,93080
598,254.62,93216
599,328.12,93256
600,227.66,93424
601,192.40,93592
602,228.35,93720
603,306.75,94112
604,203.11,94184
605,264.25,94664
606,339.25,94688
607,430.69,95264
608,534.20,95432
609,270.74,95520
610,355.61,95600
611,83.37,95832
612,415.01,96120
613,317.48,96192
614,364.13,96672
615,458.89,96696
616,172.59,96912
617,257.85,97304
618,306.59,97320
619,308.47,97528
620,387.39,97832
621,434.61,98128
622,153.04,98456
623,288.53,98656
624,384.75,98680
625,248.77,98920
626,393.41,98920
627,289.53,99312
628,218.72,99752
629,259.17,99840
630,289.91,100056
631,320.59,100448
632,390.98,100664
633,430.82,100688
634,336.47,100792
635,243.36,101192
636,351.71,101320
637,273.43,101848
638,435.06,102064
639,-39.96,102192
640,393.71,102456
641,108.54,102592
642,349.75,102672
643,440.32,102696
644,307.08,103176
645,417.02,103200
646,399.03,103856
647,283.32,103896
648,161.76,104152
649,401.27,104464
650,261.46,104600
651,294.47,104680
652,298.00,104704
653,139.71,104728
654,230.66,104848
655,271.39,104952
656,370.59,105864
657,339.63,106072
658,314.86,106168
659,298.88,106472
660,496.18,106608
661,447.88,106712
662,324.00,106720
663,248.60,106960
664,162.94,107432
665,205.35,107480
666,196.23,107528
667,91.25,107840
668,375.41,107872
669,309.56,108048
670,415.60,108080
671,308.65,108240
672,333.15,108360
673,-81.44,108584
674,311.42,108936
675,393.13,109592
676,178.76,109688
677,330.44,109848
678,299.96,109872
679,332.33,109880
680,384.91,110064
681,306.22,110280
682,428.31,110368
683,121.99,110376
684,147.80,110376
685,160.57,110864
686,328.27,111504
687,360.54,111600
688,348.24,111880
689,248.80,112008
690,306.72,112288
691,275.88,112376
692,447.59,112384
693,368.48,112848
694,277.44,112872
695,526.01,113512
696,239.92,113600
697,370.21,113672
698,255.83,113720
699,369.16,113736
700,205.42,113864
701,438.09,113888
702,323.05,114088
703,223.56,114272
704,113.76,114272
705,148.30,114360
706,255.31,114600
707,334.79,115448
708,579.48,115728
709,632.77,115744
710,280.84,115752
711,636.22,116096
712,680.66,116280
713,568.26,116368
714,301.25,116392
715,200.72,116592
716,446.09,116608
717,130.37,116752
718,136.07,117032
719,387.77,117488
720,163.47,117592
721,689.61,117736
722,464.18,118104
723,371.23,118376
724,599.65,118400
725,480.11,118584
726,361.51,118688
727,69.54,118984
728,774.68,119040
729,220.45,119176
730,273.82,119464
731,161.96,119616
732,421.46,119744
733,420.39,120112
734,65.84,120160
735,755.82,120352
736,-62.78,120392
737,336.41,120544
738,626.24,120592
739,64.94,120616
740,98.50,120624
741,95.95,120760
742,121.55,120840
743,430.91,120992
744,92.14,121008
745,70.73,121016
746,108.72,121128
747,149.97,121144
748,226.03,121184
749,119.00,121232
750,112.25,121240
751,344.82,121360
752,73.62,121376
753,54.82,121384
754,96.85,121440
755,77.85,121472
756,131.17,121528
757,87.37,121536
758,113.76,121568
759,76.11,121608
760,104.87,121856
761,123.41,121864
762,82.48,121920
763,110.06,121952
764,87.57,121976
765,105.80,122016
766,65.76,122056
767,111.13,122064
768,45.78,122128
769,101.10,122152
770,104.08,122240
771,111.49,122376
772,96.84,122440
773,92.38,122480
774,79.95,122584
775,92.00,122600
776,119.12,122608
777,97.70,122608
778,161.29,122664
779,134.68,122728
780,58.28,122728
781,91.93,122824
782,90.76,122872
783,129.48,122952
784,92.23,123016
785,130.41,123056
786,97.41,123112
787,79.61,123152
788,81.66,123168
789,125.80,123264
790,99.72,123344
791,121.26,123352
792,133.50,123432
793,97.71,123440
794,104.53,123440
795,96.46,123488
796,81.24,123592
797,106.09,123688
798,88.68,123704
799,102.63,123728
800,150.95,123752
801,57.51,123792
802,86.59,123864
803,97.90,123872
804,45.67,123928
805,96.13,124000
806,94.64,124056
807,120.34,124168
808,87.28,124176
809,98.44,124192
810,86.52,124200
811,98.01,124256
812,79.28,124392
813,103.51,124424
814,95.70,124440
815,73.12,124512
816,103.36,124528
817,107.91,124680
818,58.77,124704
819,114.99,124728
820,214.27,124808
821,101.16,124816
822,126.70,124872
823,65.86,124880
824,93.34,124880
825,83.54,124992
826,53.68,125008
827,50.14,125024
828,45.10,125104
829,101.44,125200
830,93.31,125216
831,59.85,125344
832,96.24,125360
833,145.36,125384
834,126.58,125416
835,124.76,125424
836,101.11,125496
837,113.31,125536
838,114.54,125552
839,104.23,125776
840,131.40,125816
841,113.40,125992
842,124.48,126000
843,91.86,126032
844,100.73,126056
845,113.38,126088
846,183.41,126248
847,96.92,126352
848,95.01,126360
849,142.33,126400
850,115.63,126432
851,175.54,126496
852,87.38,126544
853,118.03,126600
854,133.20,126608
855,114.79,126808
856,131.71,126968
857,139.12,126992
858,143.09,127048
859,94.90,127072
860,205.91,127096
861,103.67,127128
862,113.38,127224
863,79.89,127488
864,118.36,127504
865,105.38,127616
866,95.46,127616
867,103.53,127672
868,167.69,127768
869,145.16,127776
870,99.35,127808
871,129.74,127896
872,141.20,127920
873,148.61,128160
874,112.22,128176
875,105.60,128192
876,157.18,128208
877,141.48,128440
878,182.30,128464
879,130.07,128504
880,133.64,128560
881,120.67,128832
882,171.55,128864
883,134.04,128928
884,182.65,129008
885,151.70,129008
886,110.58,129064
887,140.82,129232
888,190.66,129296
889,137.01,129608
890,118.75,129752
891,99.81,129800
892,182.61,129800
893,170.57,129976
894,185.33,130000
895,162.35,130008
896,180.08,130424
897,164.62,130480
898,274.81,130488
899,141.67,130496
900,251.25,130640
901,137.77,130672
902,159.61,130696
903,182.19,131088
904,133.53,131136
905,282.39,132432
906,221.64,132496
907,256.78,132504
908,255.58,132648
909,293.56,132664
910,261.43,132680
911,198.13,132984
912,334.76,133144
913,248.89,133712
914,219.17,133728
915,480.98,134440
916,450.61,134504
917,419.13,134656
918,288.77,134672
919,200.34,134880
920,461.02,134992
921,418.64,135152
922,223.00,135200
923,125.04,135472
924,437.86,135736
925,484.63,136448
926,290.13,136664
927,433.15,136680
928,409.68,137000
929,416.66,137160
930,322.08,137208
931,289.59,137480
932,396.54,137744
933,257.91,138456
934,282.22,138672
935,343.35,138688
936,276.53,139008
937,373.26,139168
938,436.66,139216
939,358.48,139488
940,553.09,139752
941,298.57,140192
942,640.60,140464
943,242.16,140472
944,468.89,140680
945,506.25,141016
946,145.64,141088
947,510.71,141224
948,142.72,141408
949,593.71,141496
950,105.46,141592
951,559.08,141760
952,123.16,142016
953,84.10,142080
954,584.26,142200
955,579.96,142472
956,97.50,142880
957,541.76,143024
958,626.52,143096
959,291.92,143120
960,415.35,143296
961,189.26,143440
962,370.54,144024
963,416.77,144088
964,191.21,144456
965,509.53,144480
966,485.08,145104
967,487.71,145128
968,321.70,145304
969,311.28,145448
970,116.65,145792
971,147.92,145984
972,419.97,146032
973,326.02,146096
974,372.81,146464
975,335.88,146488
976,174.02,146648
977,160.88,146688
978,366.00,147136
979,198.28,147280
980,129.10,147296
981,394.00,147312
982,234.46,147320
983,182.67,147424
984,102.04,147472
985,176.18,147800
986,181.78,147928
987,141.35,148064
988,174.32,148160
989,156.89,148344
990,145.21,148624
991,198.12,148728
992,215.89,148760
993,308.80,149808
994,364.01,149936
995,446.42,150072
996,358.40,150168
997,317.85,150352
998,391.16,150632
999,508.49,150736
1000,340.14,150768
1001,151.71,150880
1002,177.30,151096
1003,263.32,151128
1004,300.71,151408
1005,188.22,151784
1006,181.26,152120
1007,248.20,152136
1008,202.81,152256
1009,401.47,152640
1010,416.33,152688
1011,477.54,152744
1012,139.51,152768
1013,355.51,152808
1014,109.88,152992
1015,96.20,153096
1016,159.73,153104
1017,289.66,153176
1018,233.93,153216
1019,111.08,153312
1020,149.51,153368
1021,113.61,153464
1022,115.63,153584
1023,176.28,153592
1024,114.08,153664
1025,82.03,153680
1026,154.47,153784
1027,108.87,153920
1028,102.91,153944
1029,153.67,153968
1030,140.94,154056
1031,216.50,154152
1032,153.24,154584
1033,202.45,154712
1034,186.95,154752
1035,182.98,154792
1036,193.31,154792
1037,170.13,154904
1038,287.70,155016
1039,107.27,155136
1040,167.10,155480
1041,66.25,155712
1042,154.01,155856
1043,233.26,155968
1044,252.38,155976
1045,233.16,156104
1046,220.30,156112
1047,217.24,156256
1048,86.55,156272
1049,117.97,156528
1050,119.99,156600
1051,146.93,156752
1052,220.55,156776
1053,269.59,157232
1054,241.97,157304
1055,92.17,157320
1056,218.65,157328
1057,177.16,157496
1058,153.60,157536
1059,255.23,157688
1060,89.17,158048
1061,219.90,158112
1062,145.33,158152
1063,193.27,158536
1064,207.65,158536
1065,240.74,158808
1066,202.86,159000
1067,149.31,159224
1068,387.66,159504
1069,224.00,159544
1070,140.66,159688
1071,181.06,159776
1072,324.75,159800
1073,249.62,159976
1074,189.59,160088
1075,230.25,160448
1076,142.09,160696
1077,212.79,161056
1078,246.54,161088
1079,224.35,161096
1080,182.13,161168
1081,323.44,161552
1082,386.92,161784
1083,194.84,161800
1084,285.53,162176
1085,216.43,162240
1086,168.23,162504
1087,265.59,162528
1088,188.79,162528
1089,363.92,163096
1090,237.88,163152
1091,274.62,163184
1092,188.02,163328
1093,153.97,163416
1094,209.74,163688
1095,174.57,163704
1096,172.73,163928
1097,210.52,164512
1098,222.06,164520
1099,328.08,164536
1100,188.90,164640
1101,269.10,165032
1102,194.73,165120
1103,313.54,165336
1104,140.36,165352
1105,286.23,165712
1106,155.30,165776
1107,302.73,166528
1108,280.95,166544
1109,322.11,167040
1110,245.02,167056
1111,340.88,167128
1112,266.25,167344
1113,271.84,167360
1114,295.91,167760
1115,328.63,167784
1116,171.14,168336
1117,187.35,168472
1118,381.95,168536
1119,402.90,169048
1120,392.61,169064
1121,364.35,169136
1122,291.74,169768
1123,347.22,169792
1124,336.33,170344
1125,340.13,170480
1126,322.18,170544
1127,348.78,171056
1128,363.26,171072
1129,364.33,171144
1130,358.27,171776
1131,364.50,171800
1132,387.56,172352
1133,452.41,172488
1134,399.04,172552
1135,372.27,173064
1136,437.33,173080
1137,358.89,173152
1138,279.81,173784
1139,389.03,173808
1140,314.43,174360
1141,248.70,174496
1142,345.45,174560
1143,379.55,175072
1144,404.58,175088
1145,392.58,175160
1146,407.40,175792
1147,331.33,175816
1148,417.27,176368
1149,361.48,176504
1150,441.33,176568
1151,424.35,177080
1152,434.73,177096
1153,382.60,177168
1154,369.69,177800
1155,307.27,177824
1156,373.42,178376
1157,321.80,178512
1158,340.89,178576
1159,325.01,179088
1160,407.31,179104
1161,406.45,179176
1162,408.97,179808
1163,352.19,179832
1164,353.73,180384
1165,443.75,180520
1166,336.65,180584
1167,423.28,181096
1168,343.27,181112
1169,425.25,181184
1170,381.66,181816
1171,416.85,181840
1172,257.22,182080
1173,381.05,182392
1174,133.93,182416
1175,414.36,182592
1176,422.19,183104
1177,472.56,183120
1178,401.76,183192
1179,426.57,183848
1180,352.37,184088
1181,290.19,184400
1182,383.75,184424
1183,197.66,184576
1184,367.36,184600
1185,274.96,184976
1186,368.69,185128
1187,279.68,185464
1188,336.82,186096
1189,238.81,186152
1190,253.82,186184
1191,254.13,186344
1192,250.78,186376
1193,270.72,186440
1194,314.25,187136
1195,403.41,187472
1196,372.03,188104
1197,301.52,188160
1198,368.77,188192
1199,299.37,188352
1200,352.28,188384
1201,353.30,188448
1202,318.38,189144
1203,375.52,189480
1204,328.10,190112
1205,377.88,190168
1206,378.63,190200
1207,348.34,190360
1208,359.16,190392
1209,318.17,190456
1210,382.12,191152
1211,428.50,191488
1212,408.98,192120
1213,357.14,192176
1214,393.23,192208
1215,433.80,192368
1216,309.43,192400
1217,395.73,192464
1218,400.44,193160
1219,318.72,193496
1220,216.23,193632
1221,406.63,194128
1222,339.63,194184
1223,401.14,194216
1224,357.68,194376
1225,372.96,194408
1226,384.89,195168
1227,340.45,195504
1228,409.60,195640
1229,378.37,196136
1230,244.92,196168
1231,390.30,196192
1232,411.82,196384
1233,325.91,196416
1234,402.06,197176
1235,364.61,197512
1236,462.71,197648
1237,158.11,197880
1238,369.21,198176
1239,379.51,198200
1240,422.60,198392
1241,427.30,198424
1242,396.72,199184
1243,286.00,199520
1244,325.83,199656
1245,359.74,199888
1246,319.42,200184
1247,302.48,200208
1248,292.38,200400
1249,294.35,200432
1250,360.47,201192
1251,414.97,201528
1252,331.42,201664
1253,415.67,201896
1254,398.16,202192
1255,362.13,202216
1256,402.05,202408
1257,435.06,202440
1258,204.48,203120
1259,346.99,203200
1260,395.95,203536
1261,347.43,203904
1262,356.08,204200
1263,337.63,204224
1264,383.19,204416
1265,440.54,204448
1266,315.23,204816
1267,356.62,205128
1268,400.17,205544
1269,364.01,205912
1270,225.84,206152
1271,217.70,206176
1272,392.56,206208
1273,182.28,206320
1274,360.89,206456
1275,299.97,206664
1276,183.58,207120
1277,167.67,207256
1278,264.55,207488
1279,373.80,207552
1280,347.45,207920
1281,139.16,207992
1282,351.34,208144
1283,397.76,208328
1284,368.15,208672
1285,205.39,208800
1286,422.07,209264
1287,417.83,209560
1288,404.68,209928
1289,310.97,210000
1290,179.42,210080
1291,364.23,210152
1292,153.07,210208
1293,366.64,210336
1294,347.36,210680
1295,229.29,210824
1296,202.54,211344
1297,268.09,211440
1298,162.19,211464
1299,287.04,211536
1300,273.10,211760
1301,135.02,211768
1302,263.44,211928
1303,152.10,211952
1304,194.62,212208
1305,254.37,212608
1306,177.40,212728
1307,176.92,212736
1308,162.56,212736
1309,263.20,212904
1310,187.40,213072
1311,373.33,213544
1312,228.15,213712
1313,293.11,214096
1314,284.96,214600
1315,190.55,214680
1316,392.21,214736
1317,391.00,214744
1318,398.67,214912
1319,165.76,215000
1320,369.17,215080
1321,180.68,215448
1322,160.48,215512
1323,371.88,215552
1324,190.53,216080
1325,225.45,216256
1326,373.51,216608
1327,369.15,216752
1328,349.48,217008
1329,192.11,217192
1330,430.51,217456
1331,386.64,217520
1332,416.06,217560
1333,334.38,217728
1334,130.33,217864
1335,125.37,217984
1336,381.59,218616
1337,275.01,218712
1338,321.14,219160
1339,301.47,219200
1340,372.92,219568
1341,359.12,219736
1342,397.95,219872
1343,343.14,219992
1344,362.03,220624
1345,227.72,220688
1346,360.56,220720
1347,336.19,221208
1348,149.25,221312
1349,386.78,221416
1350,374.29,221480
1351,330.56,221880
1352,440.53,222000
1353,202.48,222152
1354,186.62,222336
1355,296.13,222456
1356,360.66,222728
1357,350.90,223216
1358,201.94,223224
1359,315.31,223424
1360,200.72,223680
1361,179.81,223880
1362,384.17,223888
1363,337.67,224160
1364,134.26,224464
1365,393.60,224464
1366,195.00,224584
1367,418.12,225224
1368,424.98,225232
1369,226.10,225256
1370,217.79,225368
1371,275.53,225472
1372,408.57,225688
1373,237.40,225768
1374,168.96,226472
1375,371.56,226472
1376,118.50,226504
1377,228.83,226824
1378,354.43,227240
1379,353.65,227264
1380,259.12,227400
1381,351.62,227480
1382,339.25,228480
1383,367.21,228480
1384,236.86,228512
1385,380.39,228832
1386,350.10,229248
1387,328.37,229272
1388,285.23,229408
1389,390.54,229488
1390,203.86,230232
1391,344.89,230488
1392,300.31,230488
1393,436.02,230520
1394,216.76,230688
1395,382.13,230840
1396,364.22,231416
1397,398.81,231496
1398,409.85,232240
1399,354.79,232496
1400,248.30,232496
1401,306.87,232528
1402,375.97,232696
1403,320.78,232848
1404,354.94,233424
1405,350.95,233504
1406,361.97,234248
1407,360.73,234504
1408,438.94,234504
1409,314.61,234536
1410,345.94,234704
1411,358.15,234856
1412,343.50,235432
1413,325.07,235512
1414,290.75,235696
1415,389.28,236512
1416,386.36,236512
1417,356.59,236544
1418,319.79,236648
1419,210.51,236808
1420,379.96,236864
1421,200.89,237032
1422,407.95,237520
1423,182.58,238216
1424,288.21,238384
1425,325.74,238520
1426,368.03,238520
1427,303.07,238552
1428,332.24,238656
1429,355.48,239040
1430,319.89,239528
1431,338.63,240224
1432,470.95,240392
1433,373.83,240528
1434,381.67,240528
1435,294.02,240560
1436,333.40,240664
1437,300.81,241048
1438,322.19,241536
1439,387.58,242232
1440,316.79,242400
1441,337.05,242536
1442,337.79,242536
1443,381.66,242568
1444,420.76,242672
1445,391.28,243056
1446,307.41,243544
1447,369.10,244240
1448,389.38,244408
1449,377.95,244544
1450,359.23,244544
1451,311.61,244576
1452,367.48,244680
1453,389.90,245064
1454,340.88,245552
1455,312.32,246216
1456,320.75,246248
1457,373.66,246416
1458,399.06,246552
1459,378.12,246552
1460,315.93,246584
1461,426.83,247072
1462,355.31,247560
1463,201.86,247648
1464,148.77,247920
1465,416.68,248256
1466,396.05,248424
1467,380.05,248432
1468,403.05,248560
1469,299.73,248560
1470,231.07,249168
1471,408.65,249568
1472,271.54,249928
1473,403.81,250264
1474,235.38,250432
1475,331.43,250440
1476,312.38,250568
1477,352.11,250568
1478,319.58,251176
1479,279.20,251576
1480,343.11,251936
1481,334.35,252272
1482,369.15,252440
1483,345.36,252448
1484,180.94,252560
1485,284.35,252576
1486,387.57,252576
1487,149.25,252992
1488,347.18,253184
1489,242.87,253392
1490,221.93,254096
1491,380.38,254448
1492,340.71,254456
1493,382.60,254568
1494,365.72,254584
1495,245.58,255000
1496,265.84,255192
1497,243.98,255400
1498,309.72,256104
1499,265.15,256456
1500,320.17,256464
1501,229.64,256576
1502,295.52,256592
1503,312.25,257008
1504,331.68,257200
1505,337.54,257408
1506,357.55,258112
1507,421.83,258464
1508,332.46,258472
1509,347.55,258584
1510,366.84,258600
1511,352.94,259016
1512,406.25,259208
1513,403.37,259416
1514,386.68,260120
1515,390.40,260472
1516,401.27,260480
1517,231.58,260592
1518,401.19,260592
1519,369.53,260608
1520,413.94,261024
1521,352.20,261216
1522,199.17,261728
1523,392.07,262128
1524,391.11,262480
1525,334.95,262488
1526,239.50,262576
1527,283.79,262600
1528,376.87,262600
1529,382.13,263032
1530,122.64,263072
1531,184.65,263080
1532,171.65,263344
1533,241.44,263368
1534,245.27,263848
1535,234.89,263872
1536,194.02,264112
1537,165.77,264136
1538,236.09,264368
1539,267.94,264664
1540,338.56,264904
1541,416.45,265376
1542,377.74,265856
1543,315.81,265880
1544,300.67,266120
1545,306.74,266144
1546,297.78,266376
1547,379.71,266672
1548,295.88,266912
1549,356.68,267384
1550,368.34,267864
1551,330.68,267888
1552,368.34,268128
1553,268.22,268152
1554,290.50,268384
1555,354.93,268680
1556,297.66,268920
1557,312.17,269392
1558,251.48,269872
1559,370.86,269896
1560,415.47,270136
1561,392.06,270160
1562,377.32,270392
1563,407.94,270688
1564,272.23,270928
1565,325.07,271400
1566,381.56,271880
1567,281.65,271904
1568,349.15,272144
1569,310.14,272168
1570,246.32,272400
1571,307.01,272696
1572,333.37,272936
1573,270.02,273408
1574,286.52,273888
1575,274.34,273912
1576,255.86,274152
1577,312.39,274176
1578,302.88,274408
1579,394.89,274704
1580,295.96,274944
1581,261.55,275416
1582,349.14,275896
1583,475.70,275920
1584,336.07,276160
1585,328.79,276184
1586,364.27,276416
1587,230.47,276448
1588,382.44,276712
1589,200.34,276968
1590,335.02,277424
1591,383.07,277904
1592,408.00,277928
1593,288.45,278168
1594,339.55,278424
1595,374.89,278456
1596,376.74,278720
1597,280.05,278976
1598,339.70,279432
1599,342.68,279912
1600,340.40,279936
1601,284.97,280176
1602,348.54,280432
1603,329.08,280464
1604,388.46,280608
1605,362.34,280728
1606,186.31,281008
1607,336.08,281392
1608,197.41,281432
1609,387.61,281440
1610,185.06,281504
1611,145.88,281704
1612,377.49,281944
1613,149.77,282120
1614,256.29,282240
1615,133.46,282256
1616,128.59,282304
1617,373.28,282440
1618,252.24,283384
1619,326.27,283400
1620,431.92,283448
1621,372.99,284128
1622,391.34,284184
1623,387.25,284184
1624,437.20,284264
1625,336.34,284448
1626,269.97,285392
1627,441.76,285392
1628,364.04,285456
1629,364.41,286136
1630,452.83,286192
1631,386.31,286192
1632,383.03,286272
1633,345.85,286456
1634,332.32,287400
1635,421.43,287400
1636,352.76,287464
1637,363.55,288144
1638,384.95,288200
1639,379.33,288200
1640,362.41,288280
1641,399.88,288448
1642,218.09,288520
1643,210.30,288672
1644,87.08,288696
1645,154.24,288968
1646,137.77,289096
1647,139.95,289104
1648,226.58,289112
1649,435.05,289304
1650,227.97,289664
1651,262.72,289872
1652,324.47,290656
1653,430.24,290704
1654,416.75,290976
1655,360.31,291112
1656,354.74,291120
1657,340.49,291312
1658,269.29,291672
1659,296.97,291880
1660,380.48,292664
1661,330.28,292712
1662,327.34,292984
1663,340.93,293120
1664,342.37,293128
1665,320.17,293320
1666,324.32,293680
1667,238.84,293888
1668,184.25,294672
1669,291.12,294720
1670,222.48,294992
1671,343.97,295128
1672,272.54,295136
1673,313.26,295328
1674,299.73,295688
1675,303.15,295896
1676,318.95,296680
1677,374.68,296728
1678,313.48,297000
1679,318.99,297136
1680,397.66,297144
1681,256.59,297336
1682,352.80,297696
1683,341.83,297904
1684,311.75,298688
1685,351.21,298736
1686,256.25,299008
1687,337.17,299144
1688,227.58,299152
1689,371.44,299344
1690,295.91,299704
1691,325.78,299912
1692,356.47,300696
1693,313.53,300744
1694,259.70,301016
1695,341.72,301152
1696,239.41,301160
1697,334.98,301352
1698,405.46,301504
1699,295.17,301712
1700,439.61,302704
1701,358.66,302752
1702,358.24,303024
1703,367.99,303160
1704,334.84,303168
1705,326.87,303360
1706,331.29,303512
1707,379.37,303720
1708,202.11,304240
1709,348.13,304712
1710,316.65,304760
1711,335.39,305032
1712,354.02,305176
1713,383.94,305280
1714,464.13,305520
1715,321.56,305728
1716,391.82,306232
1717,263.25,306720
1718,275.34,306768
1719,372.36,307040
1720,357.35,307184
1721,372.17,307288
1722,338.82,307528
1723,270.99,307736
1724,333.46,308240
1725,167.99,308360
1726,285.48,308464
1727,307.14,308728
1728,367.78,309048
1729,391.02,309192
1730,307.14,309536
1731,305.09,309744
1732,357.01,310248
1733,358.73,310296
1734,404.10,310368
1735,386.99,310736
1736,285.61,310984
1737,345.44,311056
1738,331.00,311200
1739,347.59,311752
1740,186.13,311912
1741,316.97,312168
1742,265.58,312256
1743,290.48,312376
1744,378.39,312744
1745,276.45,313064
1746,405.38,313208
1747,305.85,313632
1748,256.81,313760
1749,349.13,314176
1750,387.27,314264
1751,308.14,314384
1752,287.41,314752
1753,379.36,315072
1754,379.40,315216
1755,347.12,315640
1756,252.04,315768
1757,336.33,316184
1758,399.16,316272
1759,360.58,316368
1760,271.55,316496
1761,215.44,316720
1762,270.28,317224
1763,200.93,317448
1764,409.07,317648
1765,432.62,317776
1766,312.12,317832
1767,400.57,318168
1768,521.56,318192
1769,132.39,318416
1770,293.52,318712
1771,371.81,318728
1772,305.63,319232
1773,290.39,319296
1774,255.07,319720
1775,344.76,319784
1776,177.32,319936
1777,287.92,320120
1778,408.45,320176
1779,194.06,320368
1780,342.16,320400
1781,260.35,320944
1782,207.62,321296
1783,391.66,321728
1784,214.88,321816
1785,385.46,321944
1786,265.71,322128
1787,425.28,322184
1788,360.08,322376
1789,196.75,322808
1790,403.09,322952
1791,328.20,323104
1792,353.72,323304
1793,160.51,323424
1794,457.70,323736
1795,214.21,323816
1796,227.66,323968
1797,388.71,324016
1798,206.84,324064
1799,358.66,324384
1800,312.88,324528
1801,232.49,324536
1802,14.04,325128
1803,191.01,325656
1804,223.45,325664
1805,126.00,325752
1806,255.50,325752
1807,334.95,325824
1808,401.03,325976
1809,251.55,326024
1810,322.90,326072
1811,130.82,326144
1812,178.84,326576
1813,204.24,326640
1814,134.06,326696
1815,241.75,327080
1816,124.34,327384
1817,374.10,327528
1818,344.17,327760
1819,262.78,327784
1820,162.93,327888
1821,362.12,327976
1822,226.34,328032
1823,276.65,328224
1824,179.71,328440
1825,118.22,328536
1826,192.87,328568
1827,489.13,328584
1828,135.80,328672
1829,222.34,328792
1830,179.27,329256
1831,327.85,329584
1832,350.05,329608
1833,140.13,329696
1834,197.12,329872
1835,182.28,330016
1836,304.72,330256
1837,339.06,330376
1838,105.60,330440
1839,153.08,330464
1840,436.53,330512
1841,220.86,330704
1842,182.44,330768
1843,144.81,331088
1844,184.70,331128
1845,170.24,331304
1846,192.78,331368
1847,318.95,331456
1848,152.33,331488
1849,134.16,331608
1850,225.33,331704
1851,167.29,331928
1852,137.44,332192
1853,250.43,332280
1854,167.14,332528
1855,270.45,332712
1856,162.69,333152
1857,392.55,333368
1858,360.07,333376
1859,-114.91,333496
1860,368.93,333712
1861,211.17,333816
1862,97.51,333840
1863,353.84,334104
1864,270.35,334200
1865,130.98,334280
1866,368.97,334288
1867,176.84,334384
1868,231.97,334672
1869,105.02,334680
1870,180.08,334784
1871,98.74,335032
1872,261.26,335040
1873,167.99,335288
1874,199.62,335440
1875,152.70,335472
1876,132.30,335584
1877,178.51,335592
1878,103.35,335712
1879,400.45,335720
1880,130.81,335888
1881,248.09,336056
1882,187.03,336408
1883,242.22,336560
1884,190.25,336592
1885,392.42,336680
1886,153.10,336776
1887,188.96,336840
1888,104.83,336864
1889,151.65,337096
1890,268.93,337296
1891,477.66,337352
1892,132.53,337632
1893,228.01,337640
1894,144.06,338072
1895,248.08,338128
1896,339.28,338312
1897,276.11,338416
1898,199.60,338480
1899,246.37,338536
1900,182.27,338600
1901,310.61,338848
1902,215.12,338960
1903,162.76,338976
1904,169.89,339160
1905,166.20,339320
1906,210.59,339344
1907,219.59,339504
1908,222.95,339592
1909,184.34,339760
1910,117.53,339960
1911,103.27,340256
1912,191.70,340392
1913,221.28,340416
1914,247.33,340528
1915,182.12,340544
1916,135.20,340648
1917,264.21,340808
1918,325.10,340856
1919,162.18,341152
1920,176.61,341248
1921,141.12,341440
1922,143.17,341728
1923,354.40,342128
1924,358.27,342288
1925,414.54,342424
1926,337.93,342536
1927,152.44,342632
1928,92.70,342688
1929,303.82,342816
1930,306.75,342864
1931,205.37,342984
1932,297.41,343304
1933,195.37,343312
1934,393.85,343448
1935,174.04,343632
1936,147.24,343648
1937,173.24,343712
1938,166.38,343848
1939,136.88,343856
1940,75.17,344064
1941,371.24,344168
1942,229.23,344456
1943,167.36,344488
1944,164.29,344696
1945,91.24,344712
1946,180.70,345008
1947,114.78,345256
1948,163.38,345272
1949,302.48,345320
1950,166.80,345352
1951,250.00,345440
1952,83.10,345448
1953,267.33,345456
1954,90.75,345496
1955,338.15,345800
1956,136.89,345880
1957,136.40,345992
1958,119.49,346088
1959,213.60,346152
1960,124.99,346272
1961,184.91,346664
1962,285.24,347360
1963,182.96,347544
1964,276.92,347784
1965,310.07,347808
1966,227.63,347888
1967,121.37,347896
1968,334.76,348000
1969,174.56,348096
1970,440.09,348160
1971,158.67,348688
1972,168.41,348720
1973,180.73,348784
1974,174.47,348888
1975,179.49,349048
1976,149.51,349128
1977,79.62,349280
1978,341.59,349368
1979,75.50,349680
1980,338.67,349816
1981,232.10,350264
1982,239.80,350512
1983,364.96,350728
1984,367.48,350896
1985,254.16,350936
1986,436.16,351136
1987,261.63,351256
1988,145.03,351536
1989,144.99,351576
1990,344.35,351688
1991,222.64,351768
1992,135.68,351824
1993,352.00,352272
1994,222.08,352648
1995,289.42,352712
1996,293.75,352944
1997,116.42,352984
1998,231.69,353056
1999,364.19,353200
2000,126.99,353488
2001,362.29,353584
2002,178.65,353744
2003,-64.53,353832
2004,124.93,354016
2005,172.21,354248
2006,128.94,354304
2007,336.08,354448
2008,148.49,354464
2009,389.76,354656
2010,256.07,354848
2011,304.35,354952
2012,105.96,354952
2013,142.49,355056
2014,203.37,355120
2015,130.13,355280
2016,118.85,355800
2017,275.00,356032
2018,302.53,356168
2019,508.58,356472
2020,154.49,356576
2021,168.51,356616
2022,313.35,356960
2023,212.86,356976
2024,278.75,357064
2025,293.41,357128
2026,411.40,357288
2027,170.43,357648
2028,238.21,357880
2029,194.66,358104
2030,191.81,358112
2031,201.33,358120
2032,364.85,358304
2033,334.33,358448
2034,134.51,358552
2035,330.93,358584
2036,303.15,358880
2037,313.68,359200
2038,258.05,359768
2039,280.76,359888
2040,277.55,359912
2041,177.41,359944
2042,328.49,360040
2043,245.09,360184
2044,337.82,360224
2045,197.12,360496
2046,194.86,361040
2047,183.72,361056
2048,301.85,361064
2049,318.38,361208
2050,160.29,361408
2051,288.96,361608
2052,263.61,361928
2053,346.44,362048
2054,147.48,362280
2055,228.83,362816
2056,216.08,362928
2057,331.80,363064
2058,342.98,363072
2059,200.74,363152
2060,286.27,363216
2061,264.35,363856
2062,414.87,363936
2063,344.79,364200
2064,361.26,364440
2065,362.38,364824
2066,-121.06,364896
2067,207.47,365064
2068,479.00,365080
2069,433.89,365160
2070,185.63,365616
2071,164.24,365664
2072,445.95,365864
2073,378.05,366208
2074,253.90,366400
2075,457.20,366448
2076,379.26,366496
2077,366.52,366904
2078,-88.00,367624
2079,425.77,367672
2080,335.98,367872
2081,196.07,368184
2082,368.04,368192
2083,401.24,368456
2084,491.45,368504
2085,118.77,368912
2086,208.73,369232
2087,221.14,369368
2088,217.65,369376
2089,294.58,369416
2090,-53.40,369680
2091,273.13,369816
2092,357.92,369880
2093,117.97,370064
2094,318.27,370176
2095,249.18,370192
2096,227.18,370216
2097,195.59,370272
2098,186.12,370728
2099,240.43,370984
2100,288.14,371080
2101,329.49,371360
2102,207.37,371656
2103,293.89,371728
2104,389.48,372072
2105,585.85,372200
2106,277.50,372424
2107,359.02,372552
2108,211.86,372616
2109,470.26,372736
2110,412.27,372872
2111,499.95,373088
2112,169.74,373360
2113,58.78,373472
2114,122.51,373624
2115,437.27,374080
2116,553.06,374192
2117,222.09,374264
2118,313.81,374328
2119,373.85,374464
2120,435.09,374560
2121,168.88,374608
2122,158.15,375112
2123,146.03,375152
2124,382.50,375480
2125,214.74,375616
2126,174.59,375728
2127,295.21,376008
2128,260.49,376104
2129,459.60,376272
2130,252.51,376688
2131,-18.45,377120
2132,13.55,377160
2133,396.44,377232
2134,165.47,377312
2135,367.83,377320
2136,255.25,377544
2137,97.44,377664
2138,259.26,377712
2139,309.09,378112
2140,271.66,378272
2141,184.07,378424
2142,313.18,378576
2143,239.45,378688
2144,406.23,378848
2145,529.16,379240
2146,285.27,379632
2147,133.43,379672
2148,155.80,379720
2149,148.38,379784
2150,372.97,379984
2151,334.20,380016
2152,351.55,380520
2153,420.69,380696
2154,177.40,380800
2155,207.57,380856
2156,327.21,381344
2157,361.86,381528
2158,152.90,381560
2159,431.54,381640
2160,81.99,381808
2161,423.90,382024
2162,441.90,382120
2163,268.26,382168
2164,204.22,382288
2165,212.56,382416
2166,360.71,382672
2167,206.33,382744
2168,204.98,382960
2169,217.43,383088
2170,195.54,383120
2171,233.95,383488
2172,281.39,383568
2173,263.39,384032
2174,370.54,384128
2175,279.16,384376
2176,342.96,384424
2177,224.97,384768
2178,295.10,385096
2179,243.95,385128
2180,389.20,385128
2181,302.05,385400
2182,359.13,385576
2183,174.82,385824
2184,441.35,386384
2185,426.15,386432
2186,201.58,386448
2187,159.89,386552
2188,317.94,386688
2189,165.41,386704
2190,328.67,386776
2191,477.38,386776
2192,363.61,387400
2193,277.65,387632
2194,562.31,387832
2195,307.93,388424
2196,315.84,388456
2197,352.33,388456
2198,638.05,388560
2199,608.12,388784
2200,-84.41,389168
2201,203.81,389392
2202,299.85,389624
2203,681.89,389640
2204,69.21,389816
2205,493.97,389840
2206,262.94,390080
2207,452.48,390168
2208,158.75,390272
2209,173.12,390328
2210,596.77,390464
2211,114.02,390752
2212,270.35,390864
2213,177.75,390904
2214,239.94,390944
2215,241.13,391136
2216,226.99,391312
2217,213.80,391448
2218,165.87,391512
2219,530.20,391648
2220,342.73,391656
2221,507.31,391776
2222,221.23,391872
2223,220.73,391888
2224,83.91,391912
2225,95.91,391928
2226,87.73,392048
2227,248.98,392136
2228,81.25,392360
2229,238.05,392424
2230,196.22,392616
2231,189.40,392688
2232,197.70,392728
2233,273.09,392728
2234,170.77,392856
2235,246.04,392888
2236,118.32,392888
2237,798.66,392952
2238,268.45,393232
2239,224.55,393264
2240,191.03,393352
2241,76.44,393376
2242,180.34,393424
2243,282.23,393520
2244,252.11,393616
2245,94.12,393720
2246,289.16,393792
2247,151.36,394000
2248,372.64,394096
2249,243.61,394320
2250,220.33,394328
2251,213.78,394568
2252,383.18,394752
2253,226.60,394856
2254,172.86,395136
2255,483.16,395240
2256,274.33,395304
2257,406.54,395360
2258,239.00,395568
2259,-53.91,395752
2260,163.95,395776
2261,335.98,395960
2262,227.25,396176
2263,321.62,396272
2264,409.32,396392
2265,103.08,396488
2266,187.86,396568
2267,305.06,396672
2268,168.63,396704
2269,116.73,396800
2270,128.39,396880
2271,273.23,396928
2272,115.16,397072
2273,206.91,397376
2274,277.51,397472
2275,456.88,397488
2276,155.32,397560
2277,232.99,397608
2278,277.73,397688
2279,71.21,397752
2280,85.51,397816
2281,263.28,398064
2282,179.74,398200
2283,252.45,398232
2284,641.91,398576
2285,340.35,398728
2286,281.89,398872
2287,160.22,399120
2288,95.47,399296
2289,202.09,399320
2290,89.41,399448
2291,534.05,399504
2292,241.31,399544
2293,205.69,399560
2294,305.47,399760
2295,447.37,399760
2296,274.82,399768
2297,100.61,399848
2298,176.50,399984
2299,106.37,400232
2300,100.99,400256
2301,248.77,400360
2302,294.67,400808
2303,255.18,400976
2304,309.82,400976
2305,-130.44,401016
2306,292.12,401048
2307,82.77,401336
2308,231.06,401536
2309,476.52,401728
2310,179.47,401816
2311,236.01,401856
2312,328.76,401976
2313,197.12,402160
2314,414.57,402264
2315,268.50,402408
2316,145.93,403032
2317,247.55,403040
2318,435.66,403544
2319,450.35,403736
2320,607.99,403760
2321,538.36,403864
2322,431.63,404168
2323,248.73,404248
2324,664.81,404272
2325,422.34,404592
2326,241.52,405256
2327,335.33,405456
2328,189.72,405488
2329,246.28,405552
2330,570.74,405768
2331,602.16,405872
2332,478.77,406224
2333,496.54,406280
2334,264.10,406608
2335,239.04,407112
2336,558.34,407264
2337,340.37,407280
2338,460.28,407560
2339,575.07,407616
2340,433.98,407840
2341,255.42,407968
2342,332.33,408080
2343,273.50,408328
2344,380.22,408768
2345,432.21,409024
2346,350.97,409240
2347,494.82,409456
2348,96.67,409616
2349,412.74,409840
2350,-99.62,409848
2351,491.65,409976
2352,297.22,410120
2353,364.56,410192
2354,321.67,410224
2355,319.10,410952
2356,548.74,411032
2357,295.75,411168
2358,251.69,411224
2359,173.44,411328
2360,516.70,411384
2361,140.10,411752
2362,448.74,411968
2363,504.80,411984
2364,277.61,412128
2365,207.77,412224
2366,288.41,412304
2367,308.88,412560
2368,269.80,412776
2369,187.36,412816
2370,524.64,413288
2371,191.32,413320
2372,476.90,413336
2373,181.48,413392
2374,300.69,413688
2375,275.31,413776
2376,184.69,413848
2377,84.82,413992
2378,248.80,414072
2379,221.33,414144
2380,572.45,414232
2381,98.27,414336
2382,322.56,414592
2383,244.02,414784
2384,304.21,414896
2385,197.33,414912
2386,333.10,415056
2387,305.27,415200
2388,209.88,415456
2389,292.77,415456
2390,218.66,415512
2391,303.95,415560
2392,89.34,415656
2393,126.60,415808
2394,286.18,415888
2395,214.56,415960
2396,202.15,416168
2397,209.84,416224
2398,523.74,416240
2399,110.86,416288
2400,212.33,416312
2401,175.42,416376
2402,48.72,416456
2403,120.02,416656
2404,96.34,416680
2405,101.17,416688
2406,287.11,416760
2407,125.26,416968
2408,237.94,417008
2409,212.21,417080
2410,103.51,417168
2411,218.62,417272
2412,210.40,417312
2413,157.50,417488
2414,183.42,417488
2415,420.65,417512
2416,116.70,417592
2417,256.57,418256
2418,304.03,418296
2419,302.36,418504
2420,320.60,418720
2421,456.48,418904
2422,530.96,419016
2423,224.52,419104
2424,304.34,419144
2425,511.37,419448
2426,357.65,419560
2427,354.98,420512
2428,168.96,420528
2429,321.89,420560
2430,355.76,420728
2431,314.98,420840
2432,315.13,421112
2433,-126.09,421152
2434,252.79,421456
2435,211.72,421544
2436,169.79,421880
2437,236.64,421928
2438,261.77,422368
2439,358.14,422536
2440,390.11,422568
2441,141.11,422768
2442,386.47,422848
2443,83.96,423048
2444,239.84,423160
2445,300.60,423288
2446,364.37,423528
2447,207.88,423704
2448,412.89,424440
2449,264.99,424488
2450,266.12,424528
2451,263.34,424728
2452,291.36,424904
2453,363.40,425296
2454,194.35,425520
2455,339.99,425536
2456,208.48,425672
2457,228.96,425712
2458,192.00,425752
2459,208.18,426072
2460,250.26,426144
2461,221.24,426432
2462,124.34,426816
2463,122.51,426832
2464,178.28,426944
2465,282.82,426944
2466,334.22,427224
2467,134.96,427472
2468,296.63,427544
2469,119.34,427616
2470,139.87,427736
2471,426.56,427760
2472,311.06,428080
2473,162.92,428368
2474,205.52,428480
2475,228.89,428952
2476,188.85,428960
2477,259.77,428976
2478,172.02,429176
2479,383.66,429232
2480,109.77,429544
2481,227.61,429552
2482,301.47,429744
2483,156.54,429760
2484,349.73,430376
2485,297.27,430440
2486,191.63,430560
2487,193.12,430664
2488,203.09,430664
2489,382.05,430664
2490,364.94,431224
2491,520.31,431240
2492,113.72,431280
2493,212.92,431528
2494,248.16,431616
2495,219.85,431792
2496,250.77,431792
2497,165.06,432000
2498,95.03,432016
2499,136.23,432352
2500,252.15,432384
2501,223.60,432408
2502,113.64,432432
2503,167.27,432664
2504,381.14,432792
2505,270.35,433272
2506,322.30,433288
2507,145.39,433448
2508,124.89,433720
2509,382.23,433904
2510,395.11,434008
2511,194.39,434296
2512,300.46,434400
2513,253.50,434440
2514,330.11,434672
2515,227.10,434912
2516,286.88,434968
2517,163.36,435088
2518,444.60,435456
2519,247.17,435576
2520,230.42,435608
2521,392.06,435960
2522,404.74,436016
2523,265.63,436208
2524,337.95,436744
2525,417.63,436896
2526,388.03,436976
2527,365.79,437464
2528,266.11,437464
2529,248.13,437592
2530,197.81,438000
2531,497.97,438024
2532,305.03,438048
2533,167.35,438120
2534,455.60,438216
2535,278.41,438408
2536,166.92,438672
2537,617.04,438752
2538,419.42,439192
2539,179.07,439608
2540,128.50,439616
2541,132.93,439664
2542,282.48,439808
2543,352.46,439912
2544,394.78,440008
2545,-173.97,440056
2546,108.21,440216
2547,152.24,440456
2548,491.20,440680
2549,173.80,440768
2550,255.94,440832
2551,203.26,441144
2552,268.38,441560
2553,168.96,441592
2554,595.27,441672
2555,175.52,441752
2556,214.98,441976
2557,368.01,442024
2558,318.69,442224
2559,124.94,442408
2560,77.56,442528
2561,502.80,442840
2562,310.56,442920
2563,271.07,443168
2564,379.00,443240
2565,502.31,443448
2566,691.01,443600
2567,310.74,443840
2568,157.48,443984
2569,163.33,444224
2570,800.61,444232
2571,276.85,444512
2572,349.45,444816
2573,319.33,444824
2574,334.89,444888
2575,240.83,444928
2576,236.46,445008
2577,440.57,445456
2578,205.22,445472
2579,-117.52,445704
2580,339.96,446160
2581,382.94,446240
2582,366.16,446824
2583,684.88,446832
2584,405.55,447016
2585,351.93,447376
2586,356.11,447464
2587,515.11,447480
2588,268.40,447520
2589,116.45,448120
2590,363.33,448168
2591,230.46,448312
2592,317.21,448576
2593,443.21,448832
2594,139.64,449000
2595,385.68,449024
2596,261.60,449352
2597,512.97,449384
2598,420.07,449488
2599,447.77,449592
2600,543.79,450176
2601,146.76,450312
2602,342.70,450416
2603,382.38,450544
2604,247.15,450744
2605,218.24,450808
2606,339.54,450840
2607,361.98,451280
2608,296.04,451448
2609,332.96,451496
2610,182.67,451640
2611,236.42,451696
2612,276.23,451912
2613,173.41,451912
2614,87.63,452200
2615,219.53,452440
2616,318.83,452592
2617,356.57,452696
2618,442.20,452848
2619,284.65,452848
2620,153.12,452856
2621,233.19,452872
2622,288.33,452936
2623,428.53,453552
2624,318.71,453776
2625,-77.66,454168
2626,395.29,454264
2627,391.22,454272
2628,137.89,454584
2629,91.08,454752
2630,566.49,454856
2631,769.63,454864
2632,592.27,454864
2633,221.40,455144
2634,250.68,455248
2635,334.83,455304
2636,170.27,455384
2637,405.42,455560
2638,211.20,455984
2639,184.56,456088
2640,303.21,456104
2641,537.44,456352
2642,370.55,456528
2643,140.15,456608
2644,267.66,456808
2645,339.71,456928
2646,292.15,457136
2647,473.40,457312
2648,557.89,457392
2649,539.68,457480
2650,147.74,458296
2651,329.84,458392
2652,217.90,458424
2653,408.46,458456
2654,361.38,458480
2655,518.83,458536
2656,324.22,458600
2657,544.22,458616
2658,200.40,458952
2659,213.92,459024
2660,196.36,459232
2661,251.80,459464
2662,412.87,459672
2663,477.14,459880
2664,235.20,460136
2665,600.43,460304
2666,341.46,460672
2667,263.56,460776
2668,477.94,460960
2669,524.66,460968
2670,506.87,461240
2671,224.94,461584
2672,353.30,461600
2673,611.95,461888
2674,269.96,461920
2675,365.71,461992
2676,168.60,462024
2677,251.25,462216
2678,155.90,462352
2679,579.73,462432
2680,80.57,462736
2681,289.43,462776
2682,257.52,462824
2683,264.46,462952
2684,278.89,463216
2685,412.56,463480
2686,549.41,463488
2687,144.94,463496
2688,227.81,463512
2689,270.73,463584
2690,284.37,463824
2691,264.80,464136
2692,125.36,464168
2693,230.86,464216
2694,122.18,464232
2695,280.08,464304
2696,240.70,464328
2697,591.11,464440
2698,376.28,465392
2699,342.28,465400
2700,510.49,465504
2701,287.30,465528
2702,411.25,465720
2703,322.53,465760
2704,466.10,466056
2705,214.95,466104
2706,540.29,466336
2707,331.60,466544
2708,267.73,466576
2709,117.38,466688
2710,338.37,466712
2711,368.80,467104
2712,485.25,467728
2713,331.50,468000
2714,239.22,468048
2715,411.27,468064
2716,416.18,468168
2717,388.01,468280
2718,460.05,468344
2719,256.82,468408
2720,240.25,468944
2721,205.10,468960
2722,265.91,469000
2723,229.65,469240
2724,314.66,469360
2725,363.36,469424
2726,331.52,469568
2727,202.37,469704
2728,262.99,470024
2729,105.96,470120
2730,508.32,470168
2731,269.82,470208
2732,378.19,470480
2733,393.36,470624
2734,458.12,470656
2735,205.23,470824
2736,311.34,471448
2737,503.54,471712
2738,556.90,472048
2739,370.07,472176
2740,200.65,472376
2741,428.65,472488
2742,318.03,472600
2743,608.10,472632
2744,555.95,472832
2745,232.46,473112
2746,512.63,473456
2747,487.93,474184
2748,488.62,474240
2749,551.21,474384
2750,447.82,474496
2751,445.44,474608
2752,495.44,474840
2753,507.21,475120
2754,322.83,475464
2755,322.79,475704
2756,267.10,475744
2757,333.34,475800
2758,466.65,476248
2759,477.04,476392
2760,391.96,476648
2761,519.47,477128
2762,202.29,477248
2763,539.98,477472
2764,309.97,477712
2765,581.44,477752
2766,613.63,477808
2767,96.15,478112
2768,583.53,478256
2769,487.99,478656
2770,417.49,478944
2771,441.92,479136
2772,325.94,479168
2773,483.55,479256
2774,311.58,479360
2775,534.56,480120
2776,533.21,480264
2777,309.22,480664
2778,690.58,480952
2779,269.11,481088
2780,508.13,481144
2781,413.79,481176
2782,503.30,481264
2783,485.50,481368
2784,338.80,481392
2785,227.63,482000
2786,370.47,482600
2787,423.19,482632
2788,342.13,482944
2789,622.61,482960
2790,519.23,483152
2791,453.45,483376
2792,438.57,483400
2793,351.09,484008
2794,409.72,484216
2795,303.89,484464
2796,319.93,484560
2797,406.31,484608
2798,371.62,484952
2799,185.36,485304
2800,707.14,485384
2801,409.47,485408
2802,361.16,485416
2803,149.38,485680
2804,458.60,485776
2805,284.19,485992
2806,264.57,486096
2807,222.28,486208
2808,112.71,486264
2809,430.23,486568
2810,326.63,486688
2811,-130.08,486816
2812,168.25,487024
2813,291.90,487040
2814,251.23,487184
2815,333.83,487192
2816,704.64,487376
2817,378.87,487576
2818,229.74,487856
2819,241.50,488008
2820,173.20,488216
2821,222.21,488544
2822,242.03,488560
2823,630.83,488576
2824,593.94,488704
2825,185.43,488824
2826,178.78,488880
2827,575.30,488944
2828,250.02,489112
2829,283.11,489456
2830,175.91,489520
2831,172.97,489552
2832,223.87,489760
2833,257.28,490288
2834,530.39,490376
2835,270.60,490424
2836,393.14,490448
2837,368.23,490584
2838,555.76,490712
2839,227.16,491008
2840,456.53,491464
2841,247.27,491472
2842,536.66,491560
2843,233.53,491576
2844,251.56,491800
2845,125.95,492056
2846,174.15,492216
2847,264.25,492264
2848,203.36,492400
2849,400.85,492464
2850,308.16,492680
2851,160.08,492704
2852,269.34,492728
2853,229.45,492792
2854,140.83,493120
2855,252.25,493408
2856,363.70,493472
2857,310.80,493536
2858,348.02,493544
2859,188.33,493704
2860,249.01,493864
2861,302.80,494448
2862,277.39,494616
2863,608.19,494736
2864,635.70,494800
2865,360.83,495112
2866,571.67,495192
2867,223.47,495352
2868,744.51,495480
2869,170.68,495624
2870,547.99,495872
2871,235.64,495920
2872,385.32,496352
2873,443.17,496384
2874,533.65,496432
2875,216.47,496808
2876,342.71,496960
2877,104.68,497064
2878,457.93,497072
2879,279.00,497360
2880,337.53,497816
2881,381.62,497872
2882,564.50,497928
2883,661.33,498440
2884,345.85,498744
2885,268.40,498752
2886,282.49,498968
2887,465.57,498968
2888,741.87,499080
2889,182.37,499520
2890,488.99,499672
2891,466.19,499936
2892,273.04,499944
